(122, 2412)
(362, 4016)
(370, 8210)
(466, 8084)
(586, 15356)
(594, 10339)
(786, 9821)
(802, 7462)
(858, 19814)
(1210, 25098)
(1674, 6550)
(34, 18900)
(266, 10022)
(410, 11224)
(434, 15241)
(58, 6951)
(194, 3664)
(242, 718)
(306, 4055)
(538, 3219)
(562, 3621)
(778, 11791)
(818, 1743)
(1258, 11423)
(3578, 15457)
(3986, 2418)
(3994, 7109)
(50, 24037)
(930, 2705)
(954, 2955)
(1234, 8179)
(1266, 7799)
(2186, 2665)
(2762, 19400)
(3730, 1904)
(4226, 12891)
(4306, 14533)
(5826, 222)
(2, 12032)
(66, 1518)
(170, 4141)
(290, 2408)
(330, 980)
(338, 2887)
(442, 10861)
(514, 2977)
(522, 741)
(610, 4544)
(842, 1304)
(1370, 8680)
(1466, 5669)
(1562, 4756)
(1658, 1110)
(1682, 11597)
(1690, 5923)
(1722, 6509)
(1754, 2183)
(1762, 868)
(1882, 3721)
(1954, 7911)
(1970, 1291)
(1994, 4655)
(2002, 4699)
(2026, 701)
(2050, 653)
(2058, 4767)
(2194, 8569)
(2322, 1327)
(2338, 2197)
(2378, 3000)
(2490, 4638)
(2498, 521)
(2514, 582)
(2618, 665)
(2802, 1269)
(2826, 3798)
(2858, 22120)
(2978, 591)
(3114, 11533)
(3146, 1805)
(3178, 2352)
(3258, 1823)
(3354, 3344)
(3466, 649)
(3698, 3429)
(3802, 885)
(3810, 205)
(3826, 3736)
(3882, 2253)
(3978, 1631)
(4002, 3595)
(4010, 982)
(4018, 4227)
(4178, 573)
(4266, 154)
(4370, 5381)
(4866, 823)
(4874, 3146)
(4954, 1039)
(4978, 825)
(5010, 4839)
(5218, 5197)
(5378, 7934)
(5538, 235)
(5810, 2244)
(6290, 406)
(6338, 459)
(6378, 4410)
(6754, 1781)
(6874, 8848)
(7018, 618)
(7090, 3511)
(7394, 145)
(7458, 2702)
(8010, 247)
(8810, 1443)
(8874, 3964)
(4034, 9167)
(42, 1547)
(506, 834)
(1186, 3807)
(1354, 2197)
(1730, 1078)
(1810, 2374)
(1962, 4391)
(2154, 660)
(2938, 155)
(1610, 12012)
(2554, 476)
(2746, 4380)
(3082, 4357)
(3186, 2442)
(2282, 1442)
(2562, 151)
(2866, 854)
(1066, 815)
(2114, 1800)
(5066, 684)
(5882, 661)
(6218, 3629)
(8970, 3043)
(27706, 1495)
(40826, 330)
(1306, 683)
(1570, 191)
(3074, 837)
(3634, 482)
(5122, 230)
(10, 16918)
(186, 6876)
(1090, 8721)
(1242, 6882)
(1250, 7021)
(1298, 3245)
(1378, 3604)
(1586, 3491)
(2042, 1264)
(2082, 2413)
(2138, 1651)
(2402, 2578)
(2474, 1892)
(2706, 12069)
(2770, 5551)
(2794, 1864)
(3210, 4134)
(3418, 6992)
(3682, 789)
(5346, 197)
(5442, 250)
(6810, 660)
(7162, 1834)
(74, 2192)
(282, 6977)
(450, 1885)
(474, 11523)
(914, 5091)
(922, 3255)
(1010, 1540)
(1018, 767)
(1226, 1303)
(1274, 4055)
(1282, 6647)
(1290, 1486)
(1394, 8839)
(482, 1722)
(762, 5512)
(3946, 653)
(1042, 4649)
(26, 1741)
(634, 229)
(546, 3088)
(1826, 234)
(1914, 1705)
(2162, 1186)
(2306, 553)
(2394, 3343)
(2682, 510)
(2722, 3727)
(2882, 589)
(2898, 405)
(2986, 2703)
(3098, 2759)
(3250, 1563)
(3450, 3008)
(3594, 701)
(3618, 1282)
(2594, 1160)
(2890, 6629)
(3498, 1561)
(5666, 613)
(18, 2896)
(250, 519)
(274, 732)
(810, 1067)
(986, 1538)
(1642, 448)
(1746, 240)
(3034, 2289)
(3298, 2540)
(3362, 3478)
(3386, 3835)
(4090, 689)
(4890, 2315)
(5002, 251)
(5954, 2053)
(6058, 830)
(6250, 759)
(6482, 721)
(6586, 1180)
(5418, 8164)
(7482, 1303)
(218, 2713)
(2714, 363)
(3554, 588)
(6266, 382)
(7154, 1042)
(7346, 891)
(30810, 2164)
(34162, 2889)
(46578, 3576)
(47970, 243)
(48394, 2980)
(714, 1712)
(866, 3788)
(898, 3534)
(2146, 1872)
(3394, 708)
(378, 1486)
(1474, 1058)
(2314, 409)
(162, 3599)
(314, 2617)
(602, 208)
(994, 3227)
(1034, 926)
(1594, 1601)
(1834, 2754)
(2570, 478)
(1986, 522)
(2530, 1416)
(2810, 496)
(7842, 736)
(8370, 750)
(33794, 6662)
(55282, 290)
(58146, 28)
(906, 1134)
(938, 1063)
(946, 792)
(1178, 1778)
(1938, 603)
(1946, 740)
(2018, 3668)
(2066, 553)
(2130, 1264)
(2178, 606)
(2202, 887)
(2690, 1803)
(3546, 831)
(4186, 197)
(4546, 633)
(4754, 753)
(4914, 707)
(4970, 625)
(5434, 218)
(45730, 488)
(47610, 1770)
(53322, 1151)
(2906, 1025)
(4714, 314)
(5226, 266)
(5258, 163)
(6242, 1301)
(2010, 2733)
(2210, 287)
(2290, 601)
(3306, 137)
(4802, 384)
(6426, 50)
(6522, 36)
(6650, 372)
(6666, 365)
(7074, 93)
(7210, 192)
(7218, 210)
(7234, 377)
(7570, 686)
(7706, 448)
(8042, 579)
(8154, 511)
(25938, 84)
(26242, 466)
(45210, 742)
(1578, 10)
(354, 792)
(418, 438)
(650, 884)
(674, 1950)
(1162, 453)
(2266, 797)
(2354, 642)
(2450, 2232)
(2946, 1236)
(3106, 61)
(4066, 685)
(4322, 1037)
(5034, 574)
(234, 2096)
(154, 1759)
(1602, 260)
(48738, 1281)
(346, 698)
(1202, 756)
(1218, 1614)
(3018, 1040)
(45722, 3403)
(554, 357)
(82, 1585)
(1346, 1075)
(1794, 776)
(2346, 1274)
(2970, 632)
(3090, 694)
(3338, 135)
(3658, 219)
(3706, 1494)
(4042, 360)
(4338, 367)
(4642, 1298)
(4842, 150)
(5410, 388)
(5522, 478)
(6458, 90)
(6978, 303)
(7042, 219)
(7698, 504)
(8690, 327)
(26554, 108)
(322, 1833)
(4690, 327)
(4994, 1043)
(5618, 4835)
(8866, 568)
(31658, 1494)
(48082, 681)
(48322, 451)
(52458, 481)
(52722, 1271)
(58306, 136)
(1082, 1195)
(2410, 2676)
(2730, 1140)
(8914, 692)
(46530, 1566)
(49530, 1798)
(51834, 140)
(58154, 196)
(490, 1965)
(210, 311)
(426, 2121)
(1130, 1202)
(2106, 958)
(2442, 855)
(2634, 373)
(5690, 1141)
(2122, 1288)
(7386, 967)
(31770, 59)
(882, 524)
(1050, 1108)
(2642, 2658)
(7034, 851)
(178, 322)
(146, 351)
(258, 1046)
(754, 223)
(90, 140)
(1058, 95)
(2546, 639)
(3370, 198)
(4082, 447)
(4498, 527)
(4618, 340)
(3754, 909)
(5498, 190)
(5602, 526)
(31026, 58)
(3274, 1655)
(4634, 132)
(5074, 523)
(5530, 654)
(5650, 966)
(6170, 515)
(6618, 1212)
(6890, 838)
(7354, 230)
(7618, 452)
(42002, 349)
(42418, 426)
(45186, 1250)
(45442, 329)
(3066, 1142)
(3130, 637)
(1866, 1045)
(5106, 467)
(5266, 3412)
(5362, 54)
(706, 163)
(1170, 102)
(1194, 1385)
(1330, 551)
(1442, 454)
(1978, 628)
(2034, 1345)
(2090, 1502)
(2754, 45)
(626, 407)
(1490, 212)
(2458, 519)
(3042, 242)
(3786, 978)
(3858, 475)
(3866, 22)
(4386, 1092)
(4418, 46)
(4474, 754)
(4514, 89)
(5146, 691)
(5250, 349)
(5458, 208)
(5546, 74)
(5970, 917)
(6122, 303)
(1626, 466)
(2170, 526)
(4378, 1486)
(4426, 234)
(4658, 140)
(5026, 1569)
(5298, 398)
(5570, 283)
(6530, 219)
(6722, 205)
(6858, 229)
(6882, 159)
(7810, 283)
(27410, 208)
(33834, 560)
(46970, 931)
(47810, 199)
(4850, 142)
(2818, 286)
(7986, 47)
(2922, 912)
(4466, 321)
(4834, 259)
(6794, 458)
(7762, 142)
(7938, 127)
(3538, 750)
(4210, 1031)
(4218, 502)
(5162, 47)
(1410, 481)
(1482, 343)
(1498, 767)
(1650, 273)
(1898, 70)
(2250, 253)
(2434, 178)
(2482, 207)
(2506, 844)
(2610, 266)
(2674, 107)
(2738, 341)
(2834, 111)
(2842, 239)
(2874, 272)
(3514, 158)
(3874, 62)
(3898, 267)
(4234, 915)
(4290, 235)
(4722, 106)
(5282, 474)
(5450, 390)
(5506, 553)
(5634, 18)
(5682, 150)
(5994, 249)
(6466, 253)
(6954, 607)
(114, 176)
(37386, 731)
(42738, 676)
(458, 672)
(3626, 177)
(4106, 76)
(570, 143)
(4898, 369)
(6786, 470)
(7410, 102)
(31594, 22)
(970, 227)
(1554, 812)
(4098, 144)
(4298, 337)
(4506, 569)
(4826, 324)
(5202, 53)
(5770, 35)
(6162, 122)
(6506, 107)
(6538, 787)
(6554, 62)
(6818, 120)
(6898, 155)
(7442, 93)
(7834, 231)
(7898, 27)
(8602, 43)
(8738, 71)
(8786, 37)
(8906, 165)
(8930, 135)
(8938, 105)
(9018, 401)
(26178, 47)
(26578, 64)
(27186, 35)
(27266, 472)
(27834, 179)
(27882, 186)
(34538, 23)
(47778, 68)
(2418, 421)
(3770, 795)
(1546, 213)
(2370, 601)
(3266, 819)
(4570, 189)
(5674, 13)
(5914, 108)
(6210, 51)
(7802, 547)
(32770, 60)
(52042, 233)
(2586, 115)
(4946, 62)
(5938, 318)
(1450, 187)
(5194, 4)
(6098, 5)
(26082, 124)
(26122, 67)
(3506, 468)
(25962, 51)
(31698, 178)
(33154, 479)
(33162, 1063)
(34338, 639)
(46322, 422)
(50442, 227)
(55290, 734)
(2298, 78)
(3794, 533)
(3914, 197)
(6322, 558)
(4442, 162)
(8130, 58)
(6130, 22)
(30850, 316)
(31410, 1360)
(7114, 96)
(6370, 540)
(2098, 291)
(106, 77)
(1770, 132)
(1930, 33)
(4146, 268)
(4986, 45)
(6002, 183)
(6010, 59)
(6234, 80)
(6314, 115)
(6410, 128)
(7418, 24)
(8610, 474)
(850, 138)
(1850, 64)
(4578, 263)
(7178, 291)
(5890, 424)
(6690, 44)
(27850, 170)
(746, 184)
(962, 59)
(1154, 75)
(138, 93)
(3242, 34)
(3426, 704)
(3714, 137)
(6442, 248)
(6626, 28)
(6658, 364)
(6770, 280)
(7058, 142)
(8530, 367)
(30898, 387)
(55442, 417)
(4458, 104)
(7226, 33)
(2786, 234)
(3666, 62)
(6178, 113)
(6970, 263)
(39234, 324)
(2330, 487)
(8978, 175)
(30818, 133)
(31162, 157)
(45074, 104)
(49274, 538)
(5610, 419)
(8578, 100)
(8746, 26)
(4130, 265)
(7202, 68)
(27434, 126)
(3194, 678)
(5738, 85)
(55274, 217)
(4450, 445)
(6986, 421)
(4482, 221)
(5186, 35)
(4242, 123)
(4682, 396)
(4154, 180)
(618, 229)
(834, 133)
(4410, 505)
(4610, 154)
(4626, 142)
(4930, 78)
(6066, 82)
(298, 157)
(98, 49)
(498, 235)
(666, 99)
(2962, 242)
(3690, 472)
(3738, 226)
(4650, 42)
(4674, 58)
(4770, 464)
(5762, 34)
(6226, 57)
(6346, 76)
(7338, 96)
(7362, 453)
(7562, 84)
(8266, 310)
(8666, 590)
(1426, 152)
(1538, 75)
(60074, 615)
(4602, 268)
(3930, 622)
(5354, 84)
(50354, 13)
(3010, 189)
(4434, 45)
(27722, 134)
(45666, 459)
(49130, 169)
(50794, 472)
(57538, 31)
(58162, 152)
(62394, 106)
(6202, 70)
(9010, 192)
(31114, 97)
(47202, 66)
(50162, 47)
(50514, 112)
(50802, 146)
(55402, 15)
(56274, 100)
(58418, 34)
(58490, 102)
(4354, 328)
(2522, 360)
(3138, 223)
(7306, 43)
(202, 233)
(2778, 103)
(5802, 90)
(6746, 38)
(7250, 140)
(7474, 46)
(8378, 86)
(45106, 202)
(46850, 336)
(63082, 108)
(3002, 173)
(3202, 50)
(5058, 37)
(26002, 39)
(1858, 782)
(2578, 54)
(51698, 173)
(53466, 38)
(7010, 140)
(3938, 96)
(3962, 157)
(4562, 179)
(40946, 208)
(1890, 47)
(722, 238)
(1114, 300)
(394, 75)
(55946, 115)
(1322, 186)
(2074, 153)
(5986, 56)
(8754, 185)
(25850, 162)
(3122, 87)
(5290, 67)
(7026, 259)
(7730, 63)
(8482, 186)
(34170, 30)
(60514, 126)
(4274, 308)
(6434, 27)
(25866, 59)
(26138, 28)
(2362, 234)
(226, 35)
(1874, 113)
(3906, 235)
(5114, 110)
(33138, 183)
(34530, 244)
(40962, 88)
(48698, 112)
(5874, 222)
(6946, 243)
(7714, 159)
(1026, 81)
(5706, 23)
(2386, 375)
(794, 70)
(826, 15)
(2930, 54)
(55250, 70)
(5322, 22)
(7450, 253)
(6714, 63)
(7314, 43)
(27674, 177)
(27826, 44)
(33722, 60)
(33826, 84)
(42018, 254)
(2626, 150)
(5090, 109)
(5962, 229)
(8722, 40)
(27618, 93)
(3050, 82)
(5786, 19)
(6154, 72)
(6330, 59)
(42730, 211)
(3746, 227)
(7122, 173)
(8138, 29)
(54290, 52)
(3402, 80)
(3330, 408)
(6914, 10)
(8426, 59)
(9002, 33)
(60522, 34)
(3970, 108)
(4786, 160)
(7002, 42)
(8698, 32)
(26386, 196)
(2242, 48)
(1098, 92)
(4250, 81)
(6082, 112)
(6042, 76)
(2538, 27)
(5098, 35)
(1002, 103)
(5930, 45)
(7194, 33)
(3922, 59)
(7170, 22)
(57522, 18)
(59306, 37)
(7586, 79)
(54962, 107)
(1434, 41)
(4794, 91)
(57530, 7)
(6938, 16)
(8850, 50)
(33410, 12)
(43930, 111)
(47122, 173)
(48522, 47)
(49642, 30)
(60674, 46)
(61818, 13)
(2666, 65)
(6386, 46)
(7330, 10)
(26770, 51)
(59594, 52)
(62586, 5)
(5898, 139)
(2994, 55)
(6394, 97)
(26170, 30)
(7186, 32)
(62250, 25)
(1922, 155)
(4818, 30)
(50274, 125)
(8650, 64)
(50066, 81)
(51666, 29)
(4194, 106)
(1666, 95)
(2258, 34)
(5170, 103)
(6298, 200)
(53450, 21)
(49314, 129)
(3410, 33)
(4394, 139)
(4490, 87)
(4698, 36)
(5178, 25)
(3722, 31)
(3434, 136)
(5794, 45)
(27866, 31)
(48682, 25)
(59018, 181)
(63698, 2)
(5818, 169)
(7930, 105)
(34330, 26)
(32666, 33)
(4810, 55)
(3602, 113)
(60530, 6)
(62434, 158)
(4282, 184)
(4738, 225)
(6802, 64)
(38994, 47)
(45658, 30)
(3674, 127)
(8642, 35)
(59258, 151)
(4586, 80)
(5626, 8)
(26562, 61)
(60946, 7)
(6306, 153)
(5466, 107)
(4122, 128)
(6730, 121)
(6906, 30)
(2226, 43)
(5482, 111)
(1146, 26)
(4138, 66)
(5314, 66)
(5730, 43)
(5746, 25)
(5754, 67)
(5842, 48)
(6258, 32)
(6602, 50)
(6610, 39)
(6850, 308)
(7050, 50)
(7066, 40)
(7578, 29)
(7650, 53)
(7946, 25)
(7954, 23)
(7994, 14)
(8194, 35)
(8202, 17)
(3586, 69)
(7266, 79)
(8410, 55)
(386, 231)
(51418, 95)
(53578, 34)
(8986, 41)
(8994, 34)
(658, 38)
(730, 46)
(874, 48)
(4530, 40)
(6994, 103)
(8362, 245)
(6186, 203)
(8730, 60)
(26698, 25)
(26746, 46)
(32058, 83)
(55154, 14)
(58706, 29)
(8674, 24)
(6194, 27)
(59362, 14)
(61986, 43)
(3562, 95)
(7258, 176)
(6562, 62)
(6826, 64)
(7914, 32)
(64906, 3)
(2602, 35)
(1906, 155)
(4026, 33)
(7786, 79)
(8258, 36)
(26258, 97)
(27370, 25)
(32298, 225)
(43914, 64)
(50658, 66)
(57370, 36)
(59810, 70)
(60418, 15)
(3490, 68)
(1514, 79)
(6642, 82)
(51498, 9)
(3162, 60)
(5642, 215)
(26394, 57)
(3834, 315)
(26834, 26)
(2234, 41)
(50842, 58)
(3322, 37)
(2274, 10)
(698, 90)
(2914, 82)
(5850, 11)
(8882, 69)
(32674, 19)
(5906, 14)
(54274, 67)
(3474, 59)
(1458, 149)
(5130, 17)
(8506, 26)
(7826, 178)
(6050, 37)
(32170, 33)
(7082, 152)
(7818, 31)
(26778, 20)
(27362, 17)
(25746, 34)
(25802, 24)
(4922, 48)
(5018, 29)
(3154, 28)
(2426, 109)
(25954, 71)
(47306, 26)
(8826, 34)
(1842, 12)
(3442, 98)
(3026, 46)
(4706, 109)
(8338, 135)
(34482, 51)
(3378, 34)
(3650, 14)
(4522, 92)
(4594, 36)
(4666, 103)
(5946, 22)
(7282, 14)
(890, 19)
(7490, 24)
(61250, 55)
(4162, 106)
(690, 54)
(8770, 13)
(25826, 64)
(25930, 22)
(4050, 29)
(3850, 24)
(2466, 48)
(6146, 9)
(4402, 34)
(5474, 37)
(7922, 26)
(642, 9)
(682, 42)
(738, 16)
(770, 17)
(7138, 9)
(4746, 43)
(43906, 17)
(7626, 71)
(34002, 37)
(2850, 40)
(27450, 11)
(32882, 30)
(34018, 43)
(44058, 39)
(51562, 16)
(61394, 28)
(62834, 15)
(63458, 9)
(50858, 39)
(7130, 36)
(49282, 42)
(60322, 12)
(8658, 26)
(6074, 13)
(8634, 71)
(25946, 32)
(2650, 99)
(5658, 28)
(5402, 5)
(6450, 107)
(32162, 30)
(47978, 87)
(49666, 37)
(5242, 24)
(402, 37)
(1314, 26)
(57274, 71)
(31610, 14)
(3282, 70)
(7402, 41)
(7770, 44)
(3570, 25)
(40010, 40)
(8330, 36)
(5306, 41)
(7378, 45)
(8290, 41)
(6474, 23)
(3218, 97)
(6706, 18)
(8618, 73)
(27746, 12)
(53002, 74)
(5042, 43)
(5778, 16)
(6842, 22)
(6866, 11)
(6930, 13)
(7882, 20)
(8626, 24)
(8778, 39)
(8842, 7)
(8858, 11)
(8922, 26)
(8946, 99)
(25762, 20)
(26306, 41)
(26810, 54)
(27338, 12)
(27402, 12)
(27778, 42)
(31362, 24)
(32122, 4)
(32314, 40)
(44978, 3)
(47394, 16)
(52666, 9)
(55178, 11)
(59154, 3)
(59738, 7)
(130, 21)
(61210, 11)
(5274, 26)
(5370, 32)
(30970, 16)
(5234, 68)
(6498, 66)
(8762, 27)
(31522, 67)
(32234, 48)
(47274, 32)
(4778, 11)
(8594, 6)
(7106, 22)
(5386, 28)
(6682, 37)
(4962, 70)
(5490, 56)
(5714, 19)
(5922, 12)
(5978, 22)
(6354, 31)
(7890, 24)
(8522, 44)
(8890, 10)
(8898, 24)
(30954, 17)
(31042, 30)
(3610, 58)
(4330, 63)
(6962, 8)
(25898, 46)
(4314, 34)
(2658, 23)
(4074, 47)
(5722, 34)
(5858, 30)
(6546, 16)
(4114, 28)
(4858, 35)
(1138, 40)
(1714, 24)
(5562, 19)
(8954, 17)
(42602, 7)
(51082, 20)
(55498, 11)
(62970, 17)
(530, 19)
(32602, 15)
(4258, 17)
(4346, 14)
(6490, 11)
(6570, 18)
(3346, 23)
(8714, 19)
(1522, 22)
(6034, 13)
(6778, 14)
(6738, 5)
(4058, 12)
(5338, 15)
(1106, 28)
(3642, 28)
(3818, 28)
(5426, 35)
(3954, 31)
(42634, 26)
(6090, 25)
(8706, 9)
(32002, 6)
(6762, 33)
(1698, 34)
(1386, 17)
(4554, 12)
(7274, 29)
(8586, 13)
(32954, 6)
(46258, 8)
(47330, 15)
(51314, 10)
(64930, 4)
(4538, 30)
(46194, 7)
(54978, 16)
(59290, 10)
(5834, 26)
(3890, 3)
(3314, 24)
(3458, 13)
(3522, 28)
(3778, 12)
(4202, 17)
(5394, 30)
(5554, 13)
(5586, 14)
(39394, 11)
(5154, 12)
(1122, 12)
(61434, 4)
(61970, 1)
(62010, 4)
(6114, 25)
(6578, 31)
(32090, 4)
(6402, 8)
(6138, 12)
(26226, 21)
(26898, 8)
(32082, 7)
(59418, 7)
(31930, 13)
(59026, 31)
(7290, 16)
(26842, 11)
(39474, 2)
(2954, 11)
(47642, 26)
(3530, 25)
(8818, 25)
(4938, 20)
(7242, 10)
(6274, 10)
(8402, 17)
(30994, 19)
(63194, 2)
(5210, 27)
(3058, 28)
(32354, 6)
(5514, 14)
(5698, 5)
(5866, 13)
(6834, 27)
(5082, 18)
(6634, 4)
(25906, 20)
(59834, 8)
(4362, 17)
(4906, 4)
(8802, 5)
(57690, 14)
(64418, 1)
(2218, 23)
(3762, 7)
(5050, 9)
(8682, 7)
(8834, 18)
(1738, 10)
(7738, 7)
(2698, 14)
(6514, 4)
(6674, 5)
(64986, 3)
(8458, 6)
(26106, 6)
(30890, 7)
(7146, 7)
(3170, 4)
(4882, 2)
(32074, 12)
(6698, 5)
(7370, 6)
(26682, 10)
(39410, 12)
(8794, 15)
(6594, 4)
(6018, 8)
(64754, 1)
(61354, 18)
(4170, 4)
(8962, 13)
(27874, 8)
(50970, 5)
(64338, 5)
(39402, 19)
(63826, 1)
(6026, 8)
(40586, 8)
(3290, 2)
(6106, 6)
(64234, 5)
(4762, 2)
(50898, 3)
(7298, 7)
(31682, 12)
(5138, 2)
(7322, 3)
(61634, 3)
(1706, 8)
(27114, 7)
(65130, 2)
(46034, 4)
(60666, 1)
(5330, 3)
(6282, 2)
(58898, 4)
(64034, 9)
(50594, 5)
(8394, 1)
(47634, 8)
(25914, 5)
(62474, 1)
(54778, 5)
(3226, 2)
(8122, 4)
(60618, 4)
(62378, 2)
(26498, 2)
(61586, 2)
(8450, 4)
(59858, 2)
(63810, 2)
(64114, 1)
(64410, 2)
(7098, 4)
(7754, 2)
(31090, 2)
(3234, 1)
