(231, 17851)
(151, 7957)
(719, 4360)
(1391, 9771)
(4535, 610)
(5527, 358)
(6287, 1775)
(8783, 2029)
(39, 15504)
(367, 19036)
(7, 8064)
(47, 22521)
(111, 12865)
(495, 376)
(527, 25777)
(535, 3398)
(903, 7491)
(919, 12851)
(1103, 3162)
(1183, 9152)
(1199, 7357)
(1207, 7812)
(1247, 9150)
(1295, 2099)
(1527, 13865)
(3623, 8871)
(3863, 4147)
(599, 1750)
(951, 2084)
(1895, 1723)
(2335, 2999)
(2391, 3843)
(2527, 2522)
(2791, 10012)
(3471, 7726)
(3671, 5298)
(3703, 4437)
(4327, 1946)
(4975, 4002)
(31, 5071)
(215, 2665)
(223, 13057)
(303, 3979)
(407, 1083)
(455, 4363)
(471, 6706)
(479, 779)
(543, 7210)
(799, 3496)
(879, 1372)
(1079, 11253)
(1127, 9759)
(1215, 6768)
(1231, 4499)
(1591, 2803)
(1639, 8020)
(1663, 4337)
(1687, 2390)
(1703, 427)
(1831, 3831)
(1855, 491)
(1911, 3438)
(2151, 832)
(2167, 6140)
(2231, 3419)
(2247, 1359)
(2375, 2259)
(2383, 1218)
(2407, 5873)
(2431, 3123)
(2447, 1629)
(2471, 2746)
(2719, 2647)
(2735, 2274)
(2807, 739)
(2959, 16334)
(3039, 4783)
(3175, 7713)
(3263, 2964)
(3271, 1893)
(3527, 7527)
(3535, 3940)
(3639, 2021)
(3751, 8915)
(3879, 822)
(3999, 1694)
(4015, 2496)
(4207, 616)
(4223, 3503)
(4247, 1047)
(4255, 787)
(4343, 2353)
(4351, 2027)
(4367, 3563)
(4447, 4292)
(4487, 1214)
(4735, 733)
(4855, 2804)
(4887, 1176)
(5015, 2728)
(5047, 645)
(5151, 1134)
(5247, 766)
(5255, 293)
(5463, 1435)
(5679, 4639)
(5903, 2290)
(5999, 242)
(6239, 377)
(6383, 1291)
(6503, 2104)
(6567, 370)
(6615, 742)
(6663, 749)
(6695, 309)
(6711, 7096)
(6807, 4035)
(6863, 4176)
(7007, 656)
(7143, 4638)
(7175, 131)
(7367, 1006)
(7439, 633)
(8623, 1295)
(1263, 5457)
(1727, 1197)
(1959, 2776)
(2551, 1038)
(2943, 684)
(1375, 5979)
(2671, 6762)
(3287, 491)
(3591, 1771)
(23, 2537)
(71, 815)
(423, 1423)
(1367, 4183)
(2015, 1516)
(3799, 531)
(3839, 111)
(5055, 1019)
(343, 557)
(1583, 159)
(2087, 3625)
(2687, 2632)
(3255, 5262)
(3791, 1772)
(5991, 4249)
(6367, 922)
(6535, 1015)
(7255, 345)
(7263, 994)
(8807, 1426)
(40815, 3452)
(1175, 3560)
(1967, 4252)
(2143, 1816)
(5007, 200)
(95, 13448)
(839, 2294)
(1047, 5060)
(1135, 2493)
(1255, 1050)
(1271, 4703)
(1343, 5147)
(1407, 9220)
(1735, 1622)
(2279, 1433)
(2359, 3807)
(3063, 664)
(3247, 3613)
(3911, 5195)
(3967, 3728)
(4703, 936)
(207, 3336)
(279, 603)
(327, 3845)
(415, 2012)
(647, 4810)
(783, 5803)
(847, 78)
(1031, 2315)
(1223, 3947)
(1279, 1314)
(1479, 4270)
(319, 3952)
(79, 3485)
(135, 3507)
(1999, 612)
(2023, 5376)
(3903, 160)
(3943, 445)
(3951, 141)
(3983, 1702)
(383, 3040)
(551, 10928)
(1023, 1933)
(103, 722)
(63, 1343)
(247, 4590)
(431, 4712)
(511, 1060)
(575, 1420)
(631, 1255)
(1015, 1870)
(1095, 3327)
(1287, 4761)
(1359, 1806)
(1431, 1620)
(1495, 440)
(1503, 741)
(1615, 1452)
(1839, 329)
(2679, 33)
(3047, 60)
(3079, 758)
(3439, 1435)
(3551, 1877)
(3615, 1259)
(3663, 135)
(3991, 594)
(4047, 949)
(4103, 1740)
(15, 1814)
(239, 1696)
(671, 3620)
(1887, 316)
(1919, 529)
(2399, 854)
(2423, 3032)
(3087, 2842)
(3327, 441)
(4519, 987)
(4623, 2033)
(4679, 1377)
(4951, 676)
(5103, 1790)
(5159, 531)
(351, 2289)
(2975, 399)
(4023, 2386)
(5127, 416)
(6887, 419)
(33615, 1265)
(33679, 2561)
(39183, 2249)
(39231, 489)
(44191, 4405)
(45447, 1924)
(56367, 2482)
(1487, 902)
(2599, 8179)
(1711, 2846)
(2111, 1375)
(695, 559)
(1327, 1680)
(3871, 1021)
(3959, 1579)
(8327, 147)
(519, 2635)
(54775, 133)
(59103, 225)
(615, 431)
(911, 2137)
(1719, 2302)
(2135, 1175)
(2183, 1244)
(2927, 432)
(3095, 2025)
(3543, 2225)
(3831, 916)
(4191, 378)
(4263, 360)
(5135, 1546)
(5367, 414)
(7215, 433)
(25927, 113)
(40583, 1419)
(3135, 900)
(3167, 661)
(4639, 2085)
(4823, 1665)
(5303, 1074)
(6319, 174)
(1935, 530)
(2207, 75)
(2351, 588)
(2935, 751)
(2951, 3268)
(2991, 2590)
(3311, 113)
(3487, 264)
(3503, 1018)
(3559, 171)
(4359, 845)
(6143, 190)
(6783, 331)
(7327, 353)
(7943, 215)
(7983, 309)
(8199, 141)
(8239, 133)
(8511, 35)
(26391, 60)
(46967, 322)
(663, 2167)
(711, 1241)
(743, 3356)
(199, 908)
(831, 141)
(927, 509)
(2303, 1377)
(2863, 2459)
(2919, 1747)
(1423, 100)
(639, 763)
(607, 12)
(735, 665)
(1151, 224)
(1303, 2029)
(2311, 2364)
(2495, 448)
(2559, 205)
(2711, 200)
(3103, 249)
(3111, 801)
(3159, 2165)
(3335, 35)
(3399, 349)
(3415, 185)
(3447, 229)
(3479, 2232)
(3927, 975)
(2871, 4394)
(2839, 117)
(6591, 554)
(55247, 901)
(2455, 5248)
(2759, 1759)
(3007, 1184)
(3359, 1753)
(45431, 849)
(2287, 924)
(4119, 126)
(4407, 444)
(5855, 58)
(6791, 584)
(7063, 475)
(7815, 94)
(159, 1506)
(175, 2588)
(42015, 228)
(54503, 1634)
(54999, 441)
(58367, 15)
(1599, 298)
(1863, 620)
(991, 1544)
(1927, 1439)
(2535, 457)
(2815, 1093)
(6303, 888)
(8575, 110)
(27831, 978)
(44199, 1959)
(46335, 362)
(58103, 368)
(183, 402)
(2967, 505)
(3015, 631)
(3071, 1521)
(3735, 2094)
(2159, 959)
(2567, 2212)
(4007, 2215)
(4239, 3270)
(999, 1999)
(943, 990)
(2071, 850)
(2367, 1602)
(2647, 166)
(55, 627)
(263, 261)
(1535, 473)
(3783, 1186)
(87, 588)
(119, 170)
(143, 12)
(1143, 35)
(2503, 73)
(2983, 403)
(2463, 2090)
(4079, 526)
(4495, 344)
(1087, 192)
(4783, 340)
(6023, 179)
(7151, 970)
(8879, 538)
(1759, 234)
(3807, 283)
(4215, 643)
(6743, 484)
(6879, 1539)
(8119, 121)
(4903, 1575)
(43919, 313)
(8207, 807)
(1623, 612)
(5039, 538)
(1191, 1033)
(1439, 214)
(1447, 364)
(1551, 206)
(1647, 425)
(1799, 1300)
(1975, 941)
(1983, 926)
(1991, 1245)
(2103, 121)
(2119, 766)
(2327, 390)
(3511, 295)
(3727, 618)
(3847, 97)
(3919, 417)
(255, 678)
(487, 397)
(1167, 540)
(1679, 116)
(2271, 335)
(2799, 644)
(3031, 200)
(3463, 40)
(3679, 249)
(3743, 349)
(4127, 180)
(4135, 277)
(4415, 271)
(4511, 95)
(4559, 202)
(4591, 320)
(4599, 358)
(4799, 872)
(5391, 628)
(5879, 306)
(4967, 921)
(5959, 928)
(8983, 1880)
(45183, 140)
(4039, 1215)
(1951, 1227)
(7991, 226)
(1399, 888)
(1383, 88)
(2879, 627)
(4199, 83)
(51255, 2059)
(51935, 598)
(2583, 1231)
(4927, 118)
(1007, 1103)
(3519, 657)
(5311, 124)
(191, 1015)
(271, 848)
(767, 196)
(1351, 241)
(1463, 220)
(1631, 269)
(1767, 121)
(1879, 155)
(2239, 414)
(2439, 986)
(2479, 200)
(2511, 512)
(2607, 345)
(2639, 744)
(3055, 387)
(3183, 137)
(3239, 124)
(4031, 637)
(4055, 473)
(4159, 788)
(4167, 885)
(4391, 84)
(4479, 180)
(4727, 586)
(4743, 315)
(4815, 718)
(4871, 156)
(5223, 72)
(5415, 770)
(5447, 306)
(5479, 810)
(5943, 1008)
(6215, 371)
(6279, 257)
(6855, 18)
(7167, 91)
(8943, 217)
(2663, 145)
(32031, 767)
(58559, 2598)
(5119, 92)
(27391, 99)
(391, 283)
(3367, 123)
(3767, 293)
(4111, 146)
(6231, 77)
(7311, 287)
(7743, 221)
(34319, 1561)
(1783, 842)
(1471, 56)
(935, 353)
(1111, 1002)
(1695, 125)
(2575, 885)
(3223, 177)
(3351, 65)
(5071, 74)
(5327, 34)
(5423, 131)
(5503, 69)
(5791, 1443)
(5951, 126)
(6031, 162)
(6271, 238)
(6327, 151)
(6335, 220)
(6935, 106)
(7023, 494)
(7111, 45)
(7135, 213)
(7295, 18)
(7335, 116)
(7343, 21)
(7759, 72)
(7895, 91)
(8367, 48)
(8375, 51)
(8535, 179)
(8607, 227)
(8815, 283)
(8919, 113)
(8951, 407)
(8959, 249)
(9015, 14)
(26055, 59)
(26111, 144)
(26119, 39)
(26151, 96)
(27727, 220)
(27815, 376)
(33903, 341)
(34271, 392)
(36535, 534)
(3895, 470)
(2615, 653)
(335, 258)
(503, 82)
(583, 151)
(1791, 260)
(2255, 318)
(2295, 318)
(4383, 407)
(6583, 82)
(8495, 71)
(26375, 291)
(34583, 30)
(40959, 268)
(41863, 367)
(51007, 39)
(53519, 615)
(58295, 605)
(60647, 70)
(60943, 23)
(2767, 171)
(2263, 886)
(4991, 247)
(5111, 409)
(5319, 506)
(2911, 59)
(4775, 380)
(8831, 164)
(31431, 165)
(34143, 306)
(36519, 520)
(44759, 161)
(45503, 46)
(6423, 92)
(7319, 204)
(6975, 232)
(2031, 168)
(2095, 491)
(807, 122)
(2751, 203)
(2823, 27)
(3855, 221)
(4463, 62)
(4847, 146)
(5343, 95)
(5359, 197)
(6039, 254)
(6991, 291)
(7191, 48)
(31223, 80)
(31687, 76)
(1871, 50)
(359, 177)
(959, 243)
(1511, 101)
(1943, 329)
(3207, 44)
(4471, 257)
(4503, 105)
(4655, 94)
(5351, 38)
(5703, 52)
(5839, 191)
(5847, 215)
(5927, 313)
(7079, 228)
(7199, 116)
(7287, 27)
(7391, 60)
(8183, 363)
(32591, 85)
(33639, 308)
(48783, 489)
(4719, 513)
(59615, 1099)
(4695, 66)
(5431, 90)
(5439, 111)
(7647, 163)
(6839, 58)
(7375, 221)
(3695, 190)
(3719, 189)
(4959, 92)
(5279, 184)
(6183, 434)
(6959, 457)
(7247, 748)
(8695, 104)
(8991, 33)
(759, 232)
(52967, 173)
(4567, 99)
(4231, 580)
(5663, 150)
(6063, 247)
(27839, 478)
(31903, 70)
(64839, 28)
(287, 198)
(2887, 62)
(31359, 26)
(7847, 60)
(4279, 150)
(4911, 403)
(6375, 128)
(4063, 407)
(27255, 19)
(559, 31)
(4143, 374)
(5823, 14)
(5975, 83)
(375, 164)
(1575, 101)
(2175, 64)
(4095, 364)
(567, 195)
(1655, 424)
(3199, 173)
(3391, 412)
(3599, 270)
(4439, 87)
(4543, 165)
(4583, 58)
(4615, 121)
(4919, 143)
(5023, 171)
(5471, 89)
(5495, 45)
(5743, 120)
(5935, 50)
(6263, 503)
(6631, 51)
(6735, 144)
(6815, 112)
(7791, 169)
(52279, 50)
(5095, 269)
(2903, 457)
(2519, 464)
(56775, 495)
(6671, 96)
(6159, 194)
(52287, 248)
(4767, 206)
(3303, 31)
(3423, 225)
(5735, 153)
(5983, 110)
(8167, 243)
(36527, 431)
(51575, 280)
(57951, 143)
(58047, 237)
(58655, 90)
(4527, 94)
(6687, 174)
(6927, 318)
(7767, 159)
(42007, 295)
(47423, 358)
(52975, 386)
(61071, 57)
(2007, 259)
(6223, 279)
(727, 21)
(5607, 150)
(447, 138)
(6639, 536)
(8711, 209)
(2727, 195)
(55063, 29)
(5559, 29)
(6311, 69)
(6751, 195)
(7223, 183)
(8383, 52)
(51927, 72)
(55999, 117)
(6679, 103)
(53207, 152)
(3975, 296)
(4863, 135)
(5239, 33)
(43871, 345)
(55687, 57)
(5287, 106)
(703, 213)
(2191, 66)
(2695, 50)
(2655, 170)
(6247, 96)
(7303, 404)
(8191, 147)
(967, 94)
(2215, 44)
(2847, 177)
(4287, 57)
(5231, 125)
(1671, 156)
(4335, 55)
(5215, 70)
(7119, 92)
(4895, 66)
(8799, 147)
(41831, 22)
(58303, 221)
(3823, 267)
(4423, 74)
(4999, 79)
(5783, 52)
(41527, 174)
(52375, 154)
(3143, 107)
(791, 69)
(3343, 138)
(3775, 57)
(37727, 715)
(463, 259)
(2199, 39)
(5295, 39)
(5647, 134)
(7383, 68)
(7879, 125)
(35015, 52)
(45175, 129)
(2775, 92)
(295, 306)
(7095, 124)
(7831, 161)
(4551, 29)
(8687, 21)
(8967, 134)
(2055, 142)
(8639, 139)
(44399, 76)
(48319, 130)
(48879, 75)
(8743, 19)
(43679, 297)
(48943, 49)
(51903, 85)
(4087, 36)
(49647, 133)
(2415, 53)
(26903, 50)
(58975, 78)
(6127, 66)
(26303, 64)
(4807, 96)
(1063, 104)
(6191, 11)
(3631, 19)
(47999, 409)
(871, 41)
(1055, 226)
(1071, 37)
(5767, 35)
(1311, 94)
(4831, 77)
(5655, 106)
(6903, 26)
(7047, 78)
(7487, 137)
(8927, 61)
(31367, 66)
(1335, 138)
(4711, 145)
(6951, 411)
(8447, 75)
(59727, 107)
(53999, 58)
(687, 71)
(6519, 107)
(3711, 102)
(6407, 35)
(7087, 242)
(46559, 103)
(3127, 336)
(26663, 71)
(751, 90)
(37855, 112)
(58351, 107)
(62999, 72)
(53127, 77)
(5207, 27)
(5671, 10)
(6479, 22)
(4751, 49)
(6047, 62)
(7583, 14)
(8039, 252)
(46855, 70)
(48711, 19)
(51471, 158)
(52591, 39)
(58839, 95)
(5335, 113)
(6351, 89)
(5615, 64)
(8663, 30)
(6871, 43)
(58191, 78)
(5383, 240)
(5799, 222)
(56607, 215)
(3431, 299)
(4839, 36)
(2999, 58)
(3655, 177)
(4175, 141)
(61255, 18)
(3295, 49)
(3495, 41)
(4183, 145)
(4671, 58)
(311, 58)
(4879, 53)
(7103, 46)
(7399, 29)
(48591, 146)
(6151, 14)
(2743, 61)
(4759, 79)
(7039, 173)
(4303, 30)
(50447, 59)
(7071, 114)
(25999, 98)
(59519, 38)
(60487, 178)
(6831, 6)
(5543, 102)
(7703, 27)
(5583, 34)
(5599, 25)
(5639, 68)
(5727, 12)
(5911, 34)
(6415, 18)
(6527, 60)
(6599, 28)
(6727, 77)
(6967, 60)
(7055, 131)
(7207, 66)
(7719, 17)
(7751, 8)
(7775, 26)
(7919, 44)
(7935, 13)
(7951, 99)
(8143, 35)
(8263, 31)
(57223, 65)
(3567, 115)
(4151, 211)
(4399, 76)
(5591, 80)
(49263, 38)
(53447, 98)
(1119, 125)
(3319, 88)
(3375, 127)
(2079, 79)
(6999, 190)
(4375, 37)
(5263, 32)
(5575, 41)
(6983, 128)
(8295, 84)
(31807, 50)
(41575, 43)
(7183, 29)
(46959, 38)
(53143, 23)
(57655, 9)
(31079, 47)
(33495, 173)
(167, 60)
(775, 81)
(823, 51)
(855, 26)
(983, 13)
(1039, 37)
(8855, 64)
(6895, 41)
(5815, 109)
(26359, 86)
(27735, 22)
(33823, 22)
(6455, 70)
(8487, 83)
(26231, 56)
(1415, 160)
(6703, 187)
(7351, 20)
(27879, 129)
(44511, 22)
(44815, 33)
(52767, 64)
(55071, 97)
(58783, 27)
(58879, 47)
(59607, 19)
(60135, 10)
(60295, 23)
(25839, 45)
(2047, 102)
(3759, 94)
(6823, 33)
(2831, 51)
(5087, 50)
(2783, 63)
(887, 27)
(6295, 46)
(6559, 228)
(26791, 40)
(2319, 10)
(2343, 12)
(1567, 47)
(34063, 22)
(6087, 33)
(8823, 34)
(25855, 76)
(26487, 54)
(26695, 50)
(55895, 16)
(2063, 47)
(27271, 59)
(1807, 95)
(6471, 28)
(6759, 27)
(5199, 119)
(8591, 219)
(31255, 111)
(2895, 11)
(6495, 32)
(895, 42)
(6439, 22)
(8423, 17)
(25943, 31)
(655, 12)
(45335, 24)
(7839, 19)
(8767, 73)
(6487, 29)
(26599, 72)
(48791, 31)
(2039, 48)
(439, 36)
(591, 21)
(5807, 15)
(8839, 46)
(8903, 40)
(2855, 65)
(2543, 36)
(4663, 122)
(6623, 24)
(8007, 37)
(8599, 4)
(5751, 10)
(5399, 67)
(8015, 128)
(6775, 41)
(26479, 62)
(5831, 8)
(3575, 25)
(7615, 44)
(2623, 26)
(623, 21)
(679, 68)
(61167, 32)
(2127, 24)
(6079, 4)
(6103, 20)
(26199, 42)
(55255, 33)
(33815, 61)
(63479, 12)
(127, 28)
(6255, 32)
(6463, 20)
(7031, 77)
(26007, 79)
(26495, 65)
(26567, 36)
(34767, 48)
(43391, 13)
(51127, 8)
(32743, 44)
(1455, 116)
(6199, 4)
(46919, 33)
(8935, 28)
(3687, 21)
(5623, 7)
(8655, 30)
(8527, 108)
(8911, 62)
(5631, 15)
(8999, 118)
(32383, 50)
(62511, 32)
(1319, 13)
(4271, 56)
(5687, 31)
(40887, 49)
(4983, 32)
(7887, 16)
(5375, 75)
(6551, 24)
(6575, 47)
(7359, 36)
(8751, 85)
(32239, 42)
(6135, 39)
(8735, 14)
(64231, 5)
(2703, 17)
(3119, 31)
(3455, 12)
(4295, 27)
(4647, 18)
(8255, 19)
(8615, 24)
(8727, 55)
(25807, 7)
(26527, 64)
(30783, 13)
(32015, 2)
(39703, 14)
(44911, 9)
(45679, 19)
(49007, 38)
(60471, 4)
(31447, 19)
(31263, 27)
(1519, 80)
(8503, 38)
(51991, 30)
(6391, 25)
(7239, 40)
(7279, 11)
(8543, 41)
(8631, 30)
(4311, 9)
(5711, 8)
(8671, 16)
(4607, 54)
(6207, 27)
(4687, 85)
(5167, 65)
(5775, 21)
(4455, 5)
(4575, 45)
(8127, 35)
(5175, 24)
(6055, 32)
(5519, 32)
(3215, 38)
(4319, 40)
(4631, 35)
(4943, 36)
(5143, 44)
(5919, 36)
(6607, 14)
(6655, 14)
(6719, 29)
(8407, 27)
(3887, 18)
(8847, 34)
(34359, 66)
(50151, 23)
(2223, 19)
(56167, 15)
(5063, 91)
(59295, 34)
(8703, 14)
(5535, 16)
(63239, 24)
(55391, 19)
(7623, 7)
(7727, 49)
(8063, 38)
(8399, 9)
(5031, 22)
(6111, 30)
(6095, 11)
(8391, 31)
(2487, 60)
(7415, 50)
(7455, 8)
(8775, 15)
(26271, 45)
(8463, 32)
(47047, 3)
(7015, 101)
(8871, 33)
(3023, 17)
(4431, 25)
(5079, 44)
(975, 15)
(6175, 5)
(27783, 14)
(30991, 38)
(5887, 28)
(33191, 7)
(5455, 52)
(5551, 25)
(5863, 44)
(6167, 7)
(7479, 21)
(8583, 18)
(8887, 18)
(25783, 4)
(25903, 9)
(47615, 8)
(53887, 43)
(56015, 2)
(56511, 10)
(58439, 11)
(64519, 4)
(64575, 26)
(31247, 22)
(6647, 25)
(6119, 32)
(6911, 30)
(8759, 10)
(6919, 11)
(46839, 15)
(1543, 54)
(8519, 5)
(59143, 36)
(1159, 13)
(2631, 25)
(3151, 11)
(5487, 18)
(5567, 25)
(5967, 8)
(32375, 10)
(399, 8)
(6543, 16)
(815, 20)
(51911, 11)
(4935, 21)
(8719, 14)
(6071, 8)
(56719, 11)
(60983, 2)
(25951, 14)
(25975, 3)
(26159, 8)
(26743, 4)
(37335, 6)
(61967, 8)
(8791, 9)
(7959, 32)
(5407, 16)
(8455, 6)
(48159, 13)
(6015, 16)
(7127, 35)
(7407, 14)
(8647, 13)
(6767, 2)
(6431, 25)
(1743, 27)
(4791, 44)
(6007, 5)
(7231, 20)
(3407, 11)
(5719, 22)
(8679, 7)
(31047, 15)
(32151, 13)
(8895, 14)
(32335, 10)
(5895, 7)
(5183, 26)
(6447, 23)
(62383, 6)
(6511, 14)
(8095, 4)
(33119, 3)
(64983, 28)
(3607, 8)
(5695, 18)
(3279, 12)
(5511, 17)
(7567, 2)
(1815, 5)
(47815, 5)
(2591, 19)
(50583, 4)
(9007, 6)
(1903, 35)
(36511, 8)
(6343, 11)
(6943, 1)
(5759, 16)
(55159, 3)
(7783, 6)
(27695, 4)
(26079, 7)
(32999, 4)
(64903, 2)
(3647, 5)
(60735, 10)
(8975, 5)
(26431, 7)
(54783, 10)
(6847, 4)
(62439, 10)
(7159, 6)
(48567, 5)
(38095, 9)
(7639, 6)
(62063, 1)
(63119, 3)
(60503, 6)
(39439, 1)
(46231, 4)
(62847, 2)
(3191, 2)
(63647, 4)
(61991, 5)
(6799, 10)
(64999, 3)
(5271, 3)
(25759, 7)
(5871, 2)
(27095, 6)
(27679, 2)
(60391, 2)
(63327, 1)
(37287, 6)
(7271, 6)
(48231, 9)
(56671, 4)
(4071, 1)
(3231, 9)
(1559, 4)
(61695, 1)
(63791, 2)
(62671, 1)
(43007, 2)
(59655, 3)
(7447, 3)
(61279, 1)
(8335, 3)
(42783, 1)
(3383, 2)
(63271, 1)
(64327, 1)
(64895, 2)
(62799, 3)
(7823, 1)
(3583, 1)
