(110, 29154)
(590, 25912)
(1246, 10604)
(33750, 34)
(150, 27035)
(30, 850)
(230, 4453)
(326, 804)
(334, 1048)
(446, 2346)
(926, 2530)
(1046, 730)
(1094, 7527)
(1206, 11925)
(1230, 8405)
(1198, 21803)
(4270, 3814)
(4446, 3316)
(942, 1478)
(1086, 2988)
(1254, 2891)
(1270, 21247)
(1590, 3397)
(2206, 793)
(2478, 3432)
(3006, 4656)
(3334, 1575)
(4206, 139)
(4246, 6120)
(4406, 882)
(4886, 10577)
(5094, 485)
(5294, 1231)
(5502, 5229)
(6, 13696)
(22, 6222)
(70, 7119)
(158, 7045)
(606, 955)
(678, 1462)
(694, 1757)
(886, 999)
(934, 2161)
(1126, 1848)
(1214, 15843)
(1262, 5597)
(1302, 6773)
(1358, 7733)
(1598, 555)
(1702, 1956)
(1862, 1201)
(1918, 4403)
(1974, 2026)
(2046, 2821)
(2150, 4760)
(2278, 5225)
(2294, 5123)
(2382, 1240)
(2406, 8130)
(2422, 1951)
(2470, 6718)
(2542, 7296)
(2558, 1217)
(2598, 2397)
(2606, 1062)
(2950, 1925)
(2990, 2106)
(3254, 2736)
(3526, 2868)
(3534, 2363)
(3686, 1997)
(3702, 4449)
(3710, 457)
(3798, 3189)
(3998, 1370)
(4030, 647)
(4310, 4118)
(4526, 559)
(4558, 1553)
(4718, 3869)
(4734, 3153)
(4758, 140)
(4878, 7225)
(4958, 1495)
(5014, 1490)
(5110, 1217)
(5254, 2352)
(5382, 352)
(5414, 466)
(5438, 450)
(5478, 764)
(5574, 1339)
(5678, 312)
(6294, 766)
(6502, 4542)
(6534, 2298)
(6662, 1338)
(6686, 240)
(6790, 288)
(6870, 3812)
(6934, 5290)
(6966, 673)
(7046, 1024)
(7102, 404)
(7254, 3356)
(7310, 168)
(7438, 7555)
(7454, 1569)
(8366, 1163)
(8798, 3644)
(8830, 245)
(8870, 623)
(30822, 995)
(32302, 159)
(2174, 10849)
(2502, 9915)
(2710, 10593)
(62, 11954)
(454, 15622)
(1190, 958)
(1678, 2761)
(1726, 1028)
(2022, 1639)
(2686, 3143)
(2734, 1682)
(2942, 2004)
(750, 11774)
(1374, 9240)
(2622, 2114)
(3238, 790)
(870, 283)
(2366, 3562)
(2918, 11806)
(2974, 376)
(4006, 1542)
(4502, 423)
(4566, 152)
(5422, 156)
(902, 4834)
(2006, 7231)
(2886, 224)
(3990, 359)
(4014, 5185)
(4822, 110)
(5942, 462)
(5958, 152)
(8526, 397)
(8974, 371)
(198, 5604)
(2054, 9230)
(2094, 3763)
(2662, 2688)
(3406, 255)
(4102, 1177)
(4326, 2005)
(4638, 3299)
(318, 31126)
(342, 6947)
(374, 2626)
(494, 7613)
(838, 4476)
(1222, 10898)
(1438, 3280)
(2134, 3066)
(2694, 4659)
(3646, 1242)
(4062, 1194)
(4254, 801)
(46, 2052)
(222, 3799)
(246, 6438)
(254, 418)
(1014, 1000)
(1022, 4689)
(1278, 8297)
(94, 2487)
(102, 1263)
(2374, 1008)
(3478, 1134)
(3894, 88)
(3910, 1956)
(1390, 1024)
(1566, 2585)
(86, 2732)
(126, 812)
(174, 1323)
(238, 536)
(350, 9879)
(382, 3224)
(502, 1951)
(542, 2101)
(662, 1705)
(742, 1138)
(782, 1698)
(990, 580)
(1342, 1882)
(1422, 1742)
(1518, 1907)
(1654, 401)
(1894, 2682)
(2126, 2691)
(2302, 7852)
(2334, 1777)
(2462, 308)
(2550, 918)
(2702, 1962)
(2822, 1181)
(3054, 777)
(3190, 605)
(3198, 2307)
(3246, 2388)
(3270, 849)
(3286, 446)
(3510, 4059)
(3662, 200)
(3654, 1979)
(8950, 1704)
(38038, 1976)
(486, 382)
(558, 831)
(1614, 2736)
(1806, 627)
(1854, 246)
(2142, 1153)
(2430, 586)
(3174, 4221)
(3438, 2681)
(3614, 1299)
(4214, 1677)
(4262, 4561)
(4774, 353)
(4814, 950)
(5102, 460)
(5582, 363)
(5630, 2706)
(5670, 366)
(5782, 1825)
(5902, 4471)
(6006, 594)
(6014, 337)
(6166, 595)
(6566, 351)
(7318, 1600)
(726, 356)
(4022, 9159)
(4054, 1550)
(4238, 1495)
(6222, 117)
(6886, 111)
(7366, 600)
(32294, 6)
(33166, 3641)
(33646, 479)
(40614, 312)
(47950, 232)
(54286, 2648)
(358, 1408)
(550, 2153)
(910, 5816)
(2078, 4432)
(3142, 704)
(830, 3713)
(1526, 491)
(1646, 509)
(1966, 1021)
(3918, 730)
(3926, 358)
(7022, 1768)
(56174, 1602)
(406, 45)
(534, 3048)
(918, 1074)
(950, 1857)
(1150, 1053)
(1238, 1907)
(1942, 515)
(2182, 450)
(3022, 1112)
(3062, 1598)
(3102, 941)
(3262, 1155)
(3606, 521)
(4926, 36)
(8966, 927)
(32598, 436)
(44694, 803)
(45950, 1125)
(2038, 764)
(2518, 1324)
(5302, 32)
(1078, 2044)
(1934, 449)
(2726, 1050)
(2750, 1311)
(2966, 2029)
(3030, 1693)
(3134, 842)
(3310, 446)
(3462, 1663)
(3638, 2458)
(3742, 929)
(3814, 886)
(6254, 271)
(6750, 221)
(7070, 253)
(7934, 523)
(8198, 30)
(8542, 438)
(8622, 4149)
(8670, 104)
(8734, 14)
(37830, 492)
(798, 1867)
(1102, 53)
(1054, 500)
(1734, 1132)
(1958, 2992)
(2390, 1621)
(2862, 583)
(2870, 752)
(2926, 1874)
(262, 2250)
(2574, 957)
(14, 3675)
(518, 782)
(566, 101)
(1286, 1309)
(1334, 1646)
(1350, 2849)
(1398, 525)
(1414, 1071)
(2062, 276)
(2086, 129)
(2110, 1613)
(2398, 2504)
(2414, 1613)
(2454, 1953)
(2846, 829)
(3046, 350)
(3358, 1331)
(3398, 1437)
(3470, 462)
(3622, 184)
(4366, 1267)
(54190, 353)
(1606, 528)
(2654, 499)
(3342, 833)
(3422, 585)
(3726, 527)
(270, 830)
(1694, 1867)
(3070, 2210)
(3326, 603)
(4278, 310)
(4518, 331)
(4918, 101)
(4982, 46)
(5198, 179)
(5446, 1221)
(6678, 227)
(6774, 704)
(6942, 3571)
(48774, 2634)
(6350, 1167)
(40278, 1352)
(41566, 2831)
(44022, 876)
(52694, 196)
(60126, 403)
(1366, 1148)
(214, 574)
(2014, 1001)
(1982, 3206)
(6062, 607)
(42718, 281)
(38798, 502)
(47382, 120)
(49286, 526)
(58998, 674)
(422, 883)
(1670, 471)
(1686, 591)
(1950, 1884)
(2118, 1971)
(2246, 40)
(2670, 794)
(2774, 389)
(3350, 487)
(766, 1175)
(6990, 186)
(190, 610)
(390, 467)
(510, 548)
(574, 900)
(1382, 606)
(2782, 390)
(2982, 121)
(4710, 394)
(78, 767)
(206, 676)
(302, 1011)
(582, 82)
(630, 152)
(806, 346)
(1446, 1383)
(1502, 162)
(1542, 1337)
(38, 313)
(54, 566)
(366, 1588)
(854, 121)
(1318, 113)
(1534, 46)
(2630, 246)
(1454, 475)
(2262, 1419)
(4174, 449)
(4318, 471)
(4478, 658)
(4614, 332)
(2102, 799)
(4086, 883)
(7062, 307)
(7134, 69)
(7766, 453)
(26662, 744)
(49822, 656)
(3430, 644)
(4902, 634)
(6214, 505)
(6974, 510)
(8958, 1933)
(38886, 732)
(6958, 277)
(43558, 123)
(45726, 351)
(51662, 2797)
(2806, 1068)
(3078, 489)
(3598, 718)
(4462, 150)
(5334, 289)
(3230, 284)
(414, 531)
(998, 498)
(1006, 991)
(1582, 308)
(1662, 139)
(2166, 654)
(2582, 332)
(2878, 129)
(2902, 683)
(3838, 116)
(27878, 321)
(118, 758)
(438, 660)
(470, 268)
(710, 807)
(2718, 1761)
(2798, 999)
(3454, 208)
(3830, 201)
(3846, 257)
(4510, 37)
(4598, 66)
(4622, 170)
(4662, 410)
(4678, 1071)
(4974, 1241)
(4990, 515)
(5222, 889)
(5310, 218)
(5598, 115)
(5662, 61)
(6102, 65)
(2318, 2335)
(4438, 197)
(4470, 83)
(4846, 772)
(5726, 48)
(6286, 641)
(6582, 307)
(7382, 205)
(7486, 155)
(8014, 600)
(8142, 71)
(27822, 426)
(31878, 1796)
(3766, 481)
(6734, 265)
(27846, 735)
(5054, 360)
(7614, 324)
(3126, 40)
(4422, 314)
(7478, 212)
(1030, 1954)
(6094, 112)
(278, 779)
(862, 229)
(1174, 62)
(1782, 23)
(1870, 250)
(1910, 200)
(2070, 1077)
(2350, 85)
(2590, 378)
(2766, 175)
(3118, 225)
(3150, 177)
(3566, 868)
(3854, 156)
(3862, 152)
(3982, 120)
(4334, 315)
(4646, 226)
(4782, 295)
(5534, 26)
(5878, 1604)
(6590, 6)
(34150, 1366)
(56782, 1207)
(294, 528)
(3678, 254)
(2286, 160)
(3494, 994)
(3574, 79)
(7206, 209)
(7334, 137)
(8910, 1542)
(26398, 132)
(47518, 299)
(53550, 398)
(670, 423)
(702, 209)
(2894, 318)
(3518, 151)
(4342, 102)
(5390, 140)
(5398, 164)
(5494, 18)
(5686, 245)
(6366, 58)
(6782, 130)
(6862, 396)
(6918, 182)
(7038, 106)
(7126, 66)
(7742, 51)
(7926, 229)
(8638, 1326)
(25774, 47)
(26318, 40)
(26974, 91)
(31590, 34)
(33838, 88)
(34534, 404)
(34542, 588)
(47894, 209)
(51174, 69)
(846, 263)
(1550, 423)
(2238, 371)
(2310, 607)
(2342, 164)
(2830, 92)
(3950, 760)
(3966, 191)
(4038, 77)
(4166, 377)
(4190, 306)
(4350, 213)
(5462, 228)
(5966, 45)
(6806, 72)
(7118, 139)
(7566, 300)
(8094, 246)
(8334, 106)
(25750, 131)
(31086, 27)
(37382, 420)
(40414, 172)
(40870, 234)
(49278, 812)
(55118, 949)
(55814, 338)
(56286, 157)
(60766, 80)
(1750, 216)
(2494, 114)
(2566, 162)
(4094, 52)
(4398, 154)
(4830, 276)
(5086, 44)
(5246, 317)
(5734, 111)
(5854, 92)
(3550, 579)
(48326, 117)
(7158, 1128)
(7646, 130)
(27790, 481)
(34198, 80)
(39398, 50)
(39446, 911)
(44974, 516)
(45382, 112)
(48678, 83)
(51086, 459)
(52950, 141)
(54270, 37)
(166, 392)
(6358, 217)
(6950, 385)
(7030, 189)
(5182, 32)
(3390, 129)
(7094, 37)
(48518, 181)
(3222, 107)
(3158, 221)
(3942, 74)
(5990, 115)
(2526, 387)
(718, 508)
(1926, 101)
(4494, 149)
(4654, 634)
(4686, 565)
(4766, 83)
(4806, 93)
(5638, 266)
(5694, 274)
(6038, 36)
(6206, 37)
(6238, 740)
(6510, 55)
(6614, 205)
(6718, 119)
(6814, 57)
(8614, 387)
(26686, 130)
(26870, 210)
(42734, 286)
(6542, 231)
(33830, 206)
(974, 75)
(1902, 173)
(3502, 340)
(3822, 313)
(3870, 138)
(4486, 177)
(5078, 79)
(5318, 24)
(5470, 385)
(6230, 177)
(6270, 282)
(6478, 148)
(7294, 253)
(8270, 138)
(8838, 257)
(33358, 74)
(3734, 168)
(4158, 533)
(8934, 92)
(26558, 34)
(48982, 386)
(50798, 270)
(52462, 113)
(5454, 203)
(6710, 180)
(7142, 174)
(1998, 609)
(3694, 215)
(2446, 363)
(3094, 397)
(3774, 184)
(5214, 532)
(26230, 39)
(39414, 396)
(26606, 139)
(31694, 348)
(6374, 280)
(6550, 908)
(27838, 357)
(30846, 254)
(3182, 590)
(3206, 458)
(3374, 59)
(3038, 300)
(4294, 177)
(6798, 151)
(4670, 219)
(6158, 123)
(4966, 323)
(5646, 307)
(1326, 350)
(1406, 227)
(2790, 311)
(3446, 169)
(4126, 359)
(4182, 31)
(4390, 184)
(4574, 199)
(4582, 51)
(4862, 301)
(6078, 342)
(6126, 67)
(6198, 37)
(6430, 85)
(6646, 121)
(7326, 93)
(7342, 27)
(7942, 44)
(7990, 126)
(8158, 262)
(8254, 191)
(1822, 107)
(53894, 732)
(1878, 88)
(59014, 86)
(5358, 109)
(8862, 132)
(45662, 229)
(7086, 139)
(3302, 168)
(1574, 68)
(5134, 158)
(53318, 174)
(55830, 453)
(40966, 208)
(48142, 377)
(48262, 51)
(55094, 254)
(58078, 64)
(58246, 54)
(58334, 37)
(26150, 188)
(2190, 205)
(2678, 128)
(2758, 134)
(286, 69)
(6558, 292)
(5974, 158)
(7222, 152)
(25766, 30)
(30894, 312)
(31422, 104)
(49910, 190)
(6454, 120)
(7758, 20)
(55286, 98)
(57910, 80)
(58622, 50)
(59022, 228)
(982, 375)
(1814, 148)
(3110, 135)
(3806, 106)
(5142, 64)
(8998, 196)
(958, 62)
(2214, 32)
(3086, 289)
(7190, 70)
(1038, 150)
(3790, 175)
(182, 433)
(4750, 200)
(8718, 58)
(26078, 68)
(39886, 90)
(40574, 71)
(6982, 61)
(3214, 255)
(1310, 225)
(4534, 161)
(6702, 199)
(310, 153)
(790, 71)
(33158, 323)
(7150, 505)
(8782, 121)
(47830, 58)
(54094, 41)
(5046, 335)
(6190, 54)
(6326, 63)
(6342, 27)
(6902, 212)
(3718, 243)
(4630, 116)
(5918, 34)
(7166, 8)
(43926, 28)
(50806, 137)
(7014, 84)
(47254, 78)
(1470, 36)
(3014, 152)
(26270, 18)
(2854, 43)
(5606, 40)
(7982, 225)
(26614, 269)
(61262, 40)
(614, 114)
(4998, 159)
(5118, 119)
(8894, 126)
(638, 372)
(2910, 34)
(526, 86)
(3486, 40)
(1110, 19)
(1134, 35)
(2614, 176)
(4142, 265)
(6118, 41)
(3414, 146)
(4798, 181)
(7054, 103)
(2230, 10)
(4870, 81)
(6486, 55)
(2198, 35)
(26198, 69)
(31270, 65)
(60286, 9)
(5238, 149)
(3590, 176)
(26414, 31)
(26222, 32)
(26422, 179)
(26838, 110)
(59126, 65)
(42094, 48)
(6598, 185)
(7374, 138)
(8814, 321)
(8918, 105)
(34334, 313)
(49526, 76)
(54278, 54)
(61350, 83)
(4198, 174)
(4222, 157)
(462, 129)
(60950, 161)
(5006, 35)
(6398, 40)
(7822, 31)
(8494, 91)
(53974, 117)
(54686, 51)
(57326, 69)
(7198, 95)
(430, 161)
(478, 169)
(1798, 184)
(31934, 82)
(8982, 97)
(4302, 38)
(26350, 141)
(32582, 114)
(48598, 88)
(58806, 118)
(51678, 53)
(5062, 190)
(48414, 167)
(3758, 247)
(8582, 218)
(54510, 15)
(57534, 85)
(8662, 54)
(2358, 66)
(1846, 186)
(3934, 57)
(6134, 37)
(2158, 128)
(8846, 35)
(4950, 112)
(6470, 89)
(8446, 111)
(5526, 100)
(5614, 36)
(6526, 58)
(26758, 47)
(31702, 57)
(5486, 67)
(45062, 309)
(7774, 27)
(7790, 100)
(5038, 97)
(8454, 23)
(7078, 107)
(6670, 58)
(26302, 57)
(4790, 88)
(5406, 62)
(5126, 44)
(5206, 27)
(5350, 38)
(59382, 22)
(4838, 62)
(5374, 30)
(4606, 38)
(7270, 32)
(31038, 29)
(32022, 77)
(34326, 98)
(4046, 164)
(5742, 45)
(5830, 106)
(5862, 66)
(5894, 13)
(5926, 42)
(6046, 10)
(6406, 37)
(6638, 237)
(6846, 12)
(6910, 96)
(7110, 11)
(7238, 107)
(7246, 8)
(7302, 84)
(7702, 88)
(7886, 23)
(7918, 78)
(8126, 55)
(8206, 32)
(8222, 48)
(7846, 139)
(41014, 61)
(2646, 121)
(55726, 17)
(1430, 108)
(26246, 52)
(7414, 56)
(4078, 83)
(6894, 18)
(51094, 40)
(38294, 52)
(8134, 78)
(46974, 281)
(6182, 43)
(48342, 31)
(51694, 67)
(53574, 30)
(8886, 46)
(822, 25)
(878, 21)
(8574, 110)
(6022, 111)
(6998, 89)
(7950, 7)
(8118, 47)
(27830, 37)
(32174, 36)
(46430, 29)
(52606, 47)
(54734, 48)
(55566, 29)
(55926, 18)
(55278, 29)
(5622, 26)
(6054, 53)
(8486, 26)
(6310, 22)
(5326, 11)
(8598, 52)
(47446, 29)
(5278, 37)
(7782, 173)
(7894, 148)
(8534, 76)
(26094, 86)
(33558, 26)
(49422, 22)
(57526, 118)
(58494, 32)
(59590, 53)
(59910, 23)
(6382, 89)
(25886, 68)
(2510, 40)
(598, 78)
(26462, 143)
(8774, 18)
(3318, 116)
(6518, 118)
(3886, 133)
(3958, 93)
(62374, 109)
(46574, 51)
(2326, 31)
(26750, 114)
(4070, 25)
(4542, 30)
(26734, 31)
(5838, 69)
(5262, 36)
(8806, 4)
(1558, 23)
(27022, 56)
(33134, 31)
(6462, 33)
(31150, 47)
(2486, 38)
(734, 38)
(5230, 97)
(25870, 55)
(26294, 119)
(46062, 58)
(8710, 75)
(5190, 32)
(6422, 157)
(4414, 144)
(4942, 53)
(5590, 25)
(55110, 24)
(6390, 55)
(654, 13)
(3558, 7)
(3750, 3)
(8382, 45)
(26726, 66)
(26782, 84)
(5022, 94)
(64614, 42)
(1990, 101)
(2534, 64)
(4550, 54)
(44494, 49)
(31606, 4)
(31494, 15)
(55854, 23)
(8902, 20)
(32078, 56)
(5710, 32)
(5822, 24)
(1622, 40)
(7278, 19)
(7838, 4)
(33454, 49)
(7286, 86)
(8502, 68)
(5430, 9)
(4286, 71)
(8062, 43)
(4118, 43)
(1742, 15)
(1886, 46)
(3782, 87)
(142, 28)
(398, 32)
(758, 19)
(53326, 14)
(3902, 57)
(2838, 19)
(3382, 5)
(2638, 101)
(3166, 59)
(3294, 30)
(26950, 4)
(48214, 13)
(64030, 32)
(43910, 65)
(2998, 51)
(8294, 14)
(50158, 47)
(54934, 55)
(4230, 10)
(3974, 146)
(4894, 68)
(8822, 28)
(8926, 17)
(33126, 43)
(4110, 100)
(26174, 23)
(2814, 42)
(2438, 9)
(1062, 41)
(7006, 50)
(966, 71)
(5158, 62)
(5982, 21)
(6334, 98)
(6630, 94)
(31030, 58)
(31598, 7)
(1118, 21)
(1142, 38)
(1166, 26)
(26694, 98)
(1486, 59)
(7638, 28)
(7174, 31)
(49110, 34)
(3670, 55)
(6414, 26)
(26134, 40)
(32318, 3)
(3630, 30)
(4430, 43)
(5342, 27)
(5758, 5)
(5766, 7)
(6086, 27)
(6742, 16)
(6878, 6)
(7262, 47)
(8790, 14)
(8854, 32)
(8878, 18)
(25798, 6)
(31950, 9)
(33966, 52)
(34526, 6)
(38198, 24)
(44238, 3)
(47646, 45)
(48150, 10)
(52838, 49)
(54910, 10)
(64750, 5)
(5998, 51)
(8190, 69)
(5030, 22)
(5950, 4)
(8990, 22)
(8678, 28)
(7406, 39)
(6438, 22)
(6446, 66)
(6854, 44)
(7214, 11)
(2742, 23)
(5910, 14)
(7574, 32)
(4382, 28)
(3878, 40)
(5750, 12)
(2270, 20)
(5550, 86)
(63062, 59)
(6142, 7)
(5934, 3)
(6766, 3)
(8238, 24)
(8654, 19)
(30942, 10)
(4590, 84)
(5542, 25)
(7358, 26)
(4854, 49)
(2934, 21)
(4702, 26)
(6262, 15)
(4934, 68)
(5806, 26)
(33150, 13)
(7446, 12)
(26566, 8)
(6574, 56)
(7390, 14)
(134, 22)
(8302, 49)
(6246, 19)
(5366, 67)
(7878, 23)
(5286, 33)
(6278, 11)
(6494, 9)
(1070, 40)
(6030, 39)
(8398, 11)
(61246, 46)
(4742, 6)
(5174, 49)
(7958, 16)
(8462, 19)
(8758, 25)
(26038, 28)
(4374, 13)
(5718, 45)
(8702, 24)
(4694, 32)
(5846, 36)
(6110, 14)
(5510, 19)
(5790, 17)
(1718, 33)
(6070, 36)
(5518, 18)
(32862, 34)
(6174, 32)
(5798, 30)
(8942, 3)
(8726, 71)
(2030, 25)
(4150, 13)
(4910, 14)
(6302, 17)
(8422, 22)
(9014, 20)
(25878, 7)
(26110, 3)
(26366, 29)
(26982, 11)
(31854, 18)
(32966, 7)
(51638, 36)
(53038, 20)
(54958, 4)
(56158, 18)
(62198, 6)
(62526, 12)
(1462, 12)
(27734, 17)
(54198, 3)
(5774, 26)
(6694, 5)
(5870, 15)
(8478, 11)
(26550, 15)
(4358, 23)
(59118, 69)
(61678, 22)
(8606, 7)
(4134, 12)
(8630, 5)
(1158, 10)
(1510, 18)
(3542, 10)
(5166, 10)
(6150, 7)
(5150, 17)
(774, 23)
(894, 14)
(32158, 6)
(62718, 3)
(6830, 14)
(6822, 25)
(8742, 13)
(8694, 14)
(26158, 27)
(6318, 81)
(26934, 7)
(40494, 2)
(63310, 3)
(1630, 14)
(4726, 8)
(43934, 39)
(8070, 15)
(8766, 19)
(7622, 5)
(7230, 28)
(60526, 12)
(61646, 6)
(8518, 17)
(61934, 7)
(8374, 22)
(5654, 9)
(6926, 29)
(8750, 7)
(60758, 16)
(63446, 5)
(32646, 22)
(5270, 13)
(2222, 7)
(8686, 13)
(37846, 10)
(39390, 9)
(5886, 8)
(7182, 25)
(8262, 3)
(26326, 10)
(6726, 8)
(2254, 7)
(5558, 15)
(5566, 5)
(32166, 4)
(56030, 4)
(6758, 1)
(55190, 6)
(61742, 2)
(7814, 17)
(6622, 8)
(43710, 3)
(48198, 5)
(59478, 4)
(60590, 5)
(61470, 8)
(64990, 3)
(7582, 8)
(60654, 9)
(6654, 6)
(8646, 4)
(31750, 4)
(32342, 7)
(60046, 9)
(7350, 5)
(34158, 5)
(7726, 5)
(63222, 20)
(5702, 3)
(7398, 14)
(814, 9)
(4454, 8)
(9006, 3)
(1710, 11)
(25782, 4)
(25934, 10)
(26142, 4)
(51014, 4)
(57478, 2)
(1774, 8)
(3582, 2)
(31742, 6)
(62662, 3)
(1830, 5)
(32062, 2)
(62334, 4)
(62390, 4)
(64622, 5)
(32126, 2)
(64918, 2)
(53342, 1)
(64942, 2)
(61638, 1)
(61950, 2)
(63862, 2)
(60894, 8)
(61862, 1)
(33142, 2)
(3278, 2)
(62254, 3)
(57550, 4)
(64278, 8)
(63806, 1)
(8038, 2)
(60990, 3)
(6606, 2)
(2958, 5)
(62054, 2)
(7750, 1)
(26494, 5)
(59854, 2)
(61414, 2)
(64550, 2)
(65126, 3)
(65006, 1)
(31998, 4)
(48374, 1)
(6838, 1)
(60494, 1)
(64926, 1)
(5814, 2)
(54318, 1)
(63662, 1)
