(355, 5366)
(539, 16925)
(4995, 9575)
(5299, 5259)
(6539, 10644)
(7155, 618)
(435, 8324)
(587, 17194)
(595, 19878)
(171, 902)
(235, 9738)
(299, 1704)
(307, 3675)
(475, 5230)
(515, 6499)
(923, 9605)
(1219, 10384)
(1235, 4060)
(1483, 1448)
(2571, 23229)
(3555, 3641)
(3755, 5120)
(4299, 2856)
(899, 5249)
(1283, 2805)
(1387, 12074)
(2203, 1154)
(2395, 7548)
(2683, 13335)
(3435, 2403)
(3467, 883)
(3859, 267)
(4027, 9445)
(19, 11573)
(163, 8161)
(315, 6857)
(379, 3006)
(547, 528)
(1027, 4139)
(1035, 7787)
(1083, 958)
(1091, 2737)
(1275, 6127)
(1291, 16145)
(1307, 12301)
(1339, 5274)
(1347, 3790)
(1395, 1487)
(1499, 3012)
(1515, 1945)
(1587, 3503)
(1603, 1807)
(1611, 1542)
(1627, 1546)
(1779, 3202)
(1883, 3141)
(1923, 13389)
(1971, 991)
(2003, 6024)
(2011, 10050)
(2051, 552)
(2107, 1234)
(2115, 11020)
(2291, 10623)
(2355, 11007)
(2371, 3358)
(2379, 1752)
(2387, 1292)
(2643, 1943)
(2699, 7891)
(2947, 5946)
(2987, 12157)
(2995, 1621)
(3147, 9822)
(3243, 1343)
(3499, 4647)
(3635, 2183)
(3699, 2466)
(3763, 2100)
(3827, 2715)
(4011, 7456)
(4203, 378)
(4251, 368)
(4267, 611)
(4387, 876)
(4483, 421)
(4499, 2241)
(4531, 487)
(4563, 524)
(4571, 4279)
(4587, 904)
(4643, 4236)
(4899, 427)
(4963, 10521)
(4979, 6000)
(5171, 1789)
(5219, 2133)
(5283, 980)
(5323, 485)
(5459, 4634)
(5507, 2270)
(5523, 324)
(6003, 1616)
(6323, 2414)
(6595, 1312)
(6803, 179)
(6947, 3332)
(7163, 1174)
(7347, 1127)
(7371, 1162)
(7395, 226)
(7451, 1887)
(7827, 293)
(7923, 42)
(8371, 1343)
(8387, 481)
(8939, 281)
(8947, 862)
(26555, 393)
(26131, 491)
(531, 3972)
(1131, 1842)
(1211, 1994)
(1619, 2478)
(1643, 1655)
(1747, 5885)
(1835, 2594)
(1955, 2674)
(2059, 1571)
(2075, 361)
(2931, 160)
(3067, 1692)
(1947, 4511)
(2091, 756)
(2555, 752)
(3115, 404)
(3155, 1887)
(3355, 1814)
(1203, 5365)
(2067, 3147)
(2315, 856)
(2459, 1587)
(2907, 905)
(3139, 75)
(3387, 655)
(5307, 88)
(5363, 403)
(7147, 5238)
(33499, 277)
(611, 1101)
(915, 2655)
(1987, 357)
(5651, 250)
(11, 11239)
(203, 3234)
(427, 2181)
(491, 3413)
(1059, 5440)
(1259, 11510)
(1299, 4123)
(2403, 2689)
(2467, 2728)
(2763, 6690)
(2803, 2499)
(2915, 4372)
(3107, 4080)
(3203, 1989)
(3811, 1011)
(3979, 1507)
(6251, 106)
(6707, 516)
(8907, 839)
(339, 14219)
(667, 676)
(955, 2421)
(971, 1611)
(1099, 1257)
(1227, 2166)
(1379, 1886)
(1411, 3305)
(2019, 5751)
(3, 7790)
(107, 3394)
(3915, 468)
(3955, 563)
(43, 1630)
(371, 2745)
(707, 2938)
(227, 2917)
(267, 2069)
(275, 990)
(891, 1194)
(1003, 1027)
(1363, 1077)
(1427, 470)
(1459, 2077)
(1707, 1378)
(1771, 216)
(1907, 3742)
(2195, 650)
(2427, 4348)
(2443, 771)
(2539, 4707)
(2707, 3750)
(2723, 4378)
(2827, 1674)
(2875, 1293)
(3043, 123)
(3179, 919)
(3259, 1733)
(3299, 529)
(3347, 796)
(3483, 1019)
(3987, 1104)
(6067, 113)
(555, 8626)
(2083, 1806)
(2123, 1242)
(2587, 521)
(2747, 1684)
(3219, 1479)
(3267, 2374)
(3275, 2986)
(4619, 202)
(4771, 260)
(4867, 843)
(5419, 1118)
(5539, 128)
(5563, 375)
(5675, 127)
(6219, 335)
(2795, 3200)
(27, 969)
(3451, 1444)
(6155, 1590)
(6187, 962)
(30707, 3710)
(41571, 763)
(43923, 31)
(44195, 2522)
(47099, 962)
(1147, 2151)
(2491, 528)
(195, 2049)
(3363, 3836)
(803, 354)
(1179, 4130)
(2171, 783)
(2331, 780)
(3923, 212)
(7323, 1662)
(32587, 5851)
(49651, 472)
(931, 1296)
(947, 947)
(1571, 282)
(1683, 1222)
(1939, 1010)
(1963, 1304)
(2099, 829)
(2187, 142)
(2243, 3652)
(2939, 305)
(3011, 626)
(3307, 1210)
(3379, 299)
(3475, 403)
(3683, 2592)
(3819, 930)
(6787, 1939)
(26491, 72)
(39419, 139)
(4699, 429)
(2739, 2980)
(4235, 2495)
(2179, 202)
(2211, 133)
(2219, 70)
(2227, 113)
(2731, 1330)
(3507, 1731)
(4323, 128)
(5291, 1591)
(5339, 501)
(6579, 173)
(6611, 143)
(6643, 242)
(7091, 429)
(7243, 95)
(7419, 566)
(8235, 135)
(8275, 45)
(8507, 519)
(32291, 288)
(747, 678)
(1019, 3445)
(1251, 1554)
(1267, 5120)
(1323, 256)
(2923, 80)
(2971, 1359)
(3075, 514)
(99, 469)
(35, 966)
(715, 389)
(1043, 780)
(1163, 153)
(1187, 755)
(1371, 5156)
(1731, 426)
(2035, 204)
(2043, 690)
(2131, 229)
(2139, 2396)
(2363, 1343)
(2779, 1415)
(2859, 1184)
(2899, 404)
(3035, 1508)
(3099, 854)
(3571, 383)
(3963, 302)
(4291, 1198)
(4427, 868)
(1635, 3303)
(3019, 2161)
(1755, 396)
(3675, 1027)
(5747, 1088)
(5995, 4212)
(8491, 293)
(53123, 525)
(59315, 2013)
(1171, 2102)
(1419, 761)
(2155, 1170)
(2819, 1804)
(3491, 131)
(5107, 612)
(123, 1228)
(1243, 2428)
(1931, 1102)
(2435, 431)
(3163, 979)
(4131, 192)
(4443, 603)
(4467, 1795)
(5139, 747)
(5515, 141)
(5899, 561)
(6235, 482)
(6867, 1605)
(6971, 170)
(7003, 160)
(7027, 700)
(7123, 613)
(8595, 45)
(26203, 103)
(147, 2201)
(507, 1989)
(46723, 1502)
(54259, 1068)
(1667, 649)
(2411, 2533)
(5691, 262)
(523, 622)
(2691, 290)
(6979, 2459)
(39427, 228)
(45499, 2451)
(56587, 397)
(259, 1266)
(291, 393)
(419, 2620)
(155, 860)
(731, 552)
(1507, 233)
(3251, 850)
(3627, 334)
(3723, 1176)
(2531, 1177)
(7171, 106)
(347, 980)
(363, 385)
(563, 226)
(6531, 108)
(2163, 1082)
(2651, 241)
(6291, 471)
(83, 398)
(211, 388)
(627, 1142)
(635, 709)
(851, 959)
(2771, 958)
(2307, 127)
(3083, 2215)
(2867, 1203)
(3771, 358)
(4019, 3036)
(4211, 703)
(4331, 137)
(755, 100)
(4187, 457)
(5099, 227)
(5971, 1623)
(6259, 58)
(7099, 958)
(7139, 1264)
(7523, 47)
(27731, 279)
(31923, 320)
(2483, 160)
(7387, 1223)
(2579, 522)
(5955, 758)
(40819, 2557)
(42011, 572)
(30883, 124)
(2635, 113)
(4155, 748)
(4555, 260)
(5843, 403)
(179, 801)
(1355, 481)
(1979, 677)
(1995, 884)
(2787, 651)
(603, 397)
(867, 210)
(2027, 653)
(2507, 274)
(2891, 853)
(3211, 223)
(3515, 646)
(4003, 498)
(4067, 521)
(4091, 761)
(4219, 273)
(4595, 184)
(4675, 278)
(4683, 216)
(4787, 832)
(5267, 1137)
(5331, 43)
(5347, 73)
(5443, 129)
(5555, 158)
(5803, 553)
(6315, 215)
(6347, 47)
(1827, 631)
(2843, 545)
(3091, 701)
(3339, 329)
(5059, 137)
(5483, 354)
(6283, 1130)
(6331, 1520)
(6387, 141)
(6659, 1615)
(6731, 502)
(6755, 1004)
(7235, 445)
(7811, 210)
(8019, 289)
(8795, 80)
(26939, 127)
(40723, 210)
(51939, 213)
(875, 307)
(5027, 676)
(6059, 1293)
(4939, 291)
(2275, 375)
(4275, 730)
(7019, 155)
(3563, 230)
(6987, 608)
(1875, 677)
(3707, 921)
(5147, 692)
(6339, 245)
(8195, 163)
(691, 728)
(1523, 219)
(4915, 529)
(4947, 269)
(187, 579)
(451, 431)
(483, 342)
(499, 274)
(571, 142)
(779, 302)
(835, 594)
(1595, 544)
(1675, 77)
(2147, 806)
(2283, 305)
(2563, 543)
(2611, 777)
(3051, 720)
(3531, 83)
(3579, 199)
(3747, 515)
(3867, 64)
(4059, 11)
(4147, 84)
(4371, 195)
(4723, 506)
(4851, 30)
(5051, 586)
(5131, 78)
(5635, 121)
(5707, 341)
(5787, 264)
(5875, 188)
(6419, 89)
(6883, 115)
(3947, 365)
(7075, 335)
(27611, 168)
(27899, 285)
(26163, 86)
(32387, 78)
(4523, 300)
(3643, 198)
(5603, 346)
(1051, 854)
(2475, 387)
(1715, 57)
(3395, 166)
(3739, 170)
(3851, 232)
(4035, 199)
(4139, 41)
(4283, 113)
(4347, 119)
(4419, 127)
(4819, 68)
(5379, 392)
(6035, 76)
(6107, 78)
(6163, 224)
(6299, 746)
(6675, 4)
(7043, 112)
(7067, 143)
(7459, 145)
(7883, 82)
(7899, 81)
(8011, 209)
(8587, 35)
(8659, 9)
(8667, 161)
(8691, 4)
(8755, 46)
(8779, 74)
(25923, 174)
(25971, 94)
(27491, 50)
(27563, 120)
(31347, 29)
(33683, 196)
(33819, 70)
(34155, 61)
(34323, 278)
(2883, 1161)
(3835, 502)
(4115, 90)
(59, 135)
(2259, 869)
(5187, 165)
(5859, 107)
(5867, 182)
(6027, 291)
(6467, 49)
(6667, 168)
(7587, 251)
(7915, 112)
(26171, 94)
(32179, 94)
(44555, 1230)
(48043, 737)
(52579, 191)
(54995, 565)
(58803, 435)
(61323, 572)
(219, 400)
(3619, 183)
(5179, 79)
(5723, 152)
(25995, 58)
(56339, 340)
(3459, 239)
(39715, 225)
(5883, 124)
(6587, 352)
(7203, 35)
(8531, 462)
(8835, 109)
(31427, 415)
(32011, 143)
(33171, 321)
(36531, 38)
(37475, 186)
(42723, 564)
(44731, 62)
(51091, 359)
(51931, 301)
(52283, 118)
(827, 113)
(1699, 734)
(1107, 53)
(2979, 199)
(6379, 349)
(6603, 23)
(7179, 92)
(6179, 38)
(459, 697)
(4339, 408)
(5035, 77)
(963, 332)
(5475, 293)
(55363, 427)
(2851, 380)
(3403, 129)
(1563, 140)
(4395, 57)
(4987, 121)
(5427, 129)
(6203, 115)
(6811, 326)
(6827, 202)
(6851, 123)
(6899, 38)
(40339, 412)
(40851, 224)
(8291, 125)
(619, 443)
(1123, 121)
(1475, 511)
(1859, 201)
(2499, 253)
(3371, 127)
(4515, 265)
(4739, 24)
(4835, 677)
(5499, 206)
(5619, 110)
(5923, 94)
(7299, 181)
(7619, 348)
(7771, 227)
(8827, 591)
(8987, 59)
(27803, 540)
(32139, 78)
(3235, 258)
(4971, 423)
(5667, 325)
(2515, 270)
(75, 355)
(2667, 131)
(5531, 86)
(7227, 99)
(8915, 146)
(2323, 144)
(5643, 204)
(1011, 973)
(4579, 37)
(7219, 70)
(55267, 443)
(56915, 73)
(32019, 495)
(1867, 151)
(37731, 380)
(467, 470)
(987, 183)
(2603, 26)
(243, 278)
(27851, 52)
(2347, 394)
(4635, 243)
(4707, 46)
(4803, 480)
(3419, 37)
(387, 422)
(1539, 165)
(3539, 247)
(3667, 78)
(4355, 259)
(4547, 57)
(4603, 263)
(4611, 88)
(4811, 232)
(5251, 38)
(5387, 354)
(5731, 91)
(6243, 186)
(6795, 47)
(7035, 88)
(7307, 122)
(1547, 160)
(2419, 254)
(58315, 84)
(5611, 395)
(131, 142)
(55995, 445)
(59915, 30)
(2627, 75)
(30803, 363)
(56171, 554)
(5739, 94)
(56715, 117)
(58347, 80)
(59387, 180)
(53435, 147)
(54771, 184)
(3795, 175)
(4307, 37)
(6763, 332)
(34523, 149)
(38499, 84)
(39435, 329)
(40955, 134)
(57243, 90)
(60147, 11)
(55451, 104)
(8811, 92)
(251, 253)
(3187, 16)
(5963, 108)
(6427, 76)
(7707, 111)
(7891, 80)
(8459, 110)
(56251, 281)
(7939, 116)
(25963, 69)
(56563, 55)
(58299, 213)
(907, 514)
(3787, 308)
(5451, 295)
(1723, 42)
(5947, 138)
(4195, 230)
(3939, 90)
(5011, 192)
(8131, 147)
(2451, 413)
(5763, 64)
(8451, 163)
(7979, 137)
(45635, 94)
(46347, 103)
(49347, 206)
(50851, 97)
(59795, 17)
(5275, 40)
(443, 372)
(411, 70)
(659, 258)
(31035, 105)
(1067, 88)
(6779, 193)
(7579, 263)
(979, 33)
(4475, 99)
(7211, 62)
(1843, 21)
(3315, 8)
(3323, 56)
(30659, 22)
(331, 372)
(5003, 108)
(1739, 336)
(763, 34)
(795, 66)
(283, 143)
(2267, 351)
(4243, 57)
(6875, 45)
(8955, 125)
(31435, 107)
(34579, 20)
(2811, 22)
(27523, 86)
(2715, 83)
(6051, 122)
(5083, 48)
(6995, 96)
(8891, 29)
(31083, 24)
(32627, 63)
(8363, 150)
(27875, 32)
(6371, 156)
(8859, 61)
(63131, 88)
(3691, 121)
(3715, 169)
(4123, 308)
(5915, 101)
(37739, 179)
(54075, 14)
(62803, 18)
(3587, 141)
(7115, 167)
(25771, 64)
(43987, 36)
(50147, 66)
(2755, 107)
(2523, 157)
(3547, 279)
(4043, 214)
(6195, 87)
(6963, 212)
(7107, 278)
(8379, 149)
(8923, 122)
(2659, 164)
(4411, 203)
(4795, 326)
(7379, 205)
(8643, 207)
(3659, 91)
(579, 19)
(67, 118)
(843, 43)
(1115, 24)
(5435, 132)
(2835, 277)
(48883, 81)
(3171, 100)
(5411, 24)
(5987, 47)
(6723, 101)
(7059, 191)
(7131, 38)
(4163, 26)
(7739, 26)
(7355, 98)
(3971, 92)
(58291, 32)
(4227, 107)
(4051, 33)
(6451, 61)
(8739, 61)
(2339, 192)
(4875, 50)
(3731, 133)
(8147, 288)
(6123, 71)
(7843, 44)
(55555, 76)
(6771, 46)
(31867, 106)
(50003, 65)
(58627, 37)
(6483, 216)
(5699, 56)
(6523, 201)
(7195, 36)
(50923, 148)
(5827, 18)
(6699, 46)
(6747, 59)
(787, 68)
(27555, 57)
(5931, 26)
(59731, 83)
(58107, 89)
(57147, 98)
(60291, 59)
(63859, 48)
(26603, 93)
(26819, 133)
(5211, 113)
(8875, 52)
(52715, 35)
(7835, 86)
(4435, 29)
(59715, 38)
(6651, 33)
(7987, 32)
(5115, 25)
(6435, 19)
(6459, 75)
(7723, 30)
(7787, 61)
(5939, 24)
(6211, 55)
(6571, 88)
(7259, 140)
(6547, 138)
(7763, 61)
(25827, 180)
(7267, 29)
(26371, 38)
(5227, 54)
(59995, 97)
(8651, 86)
(1555, 41)
(60939, 16)
(4779, 65)
(3843, 149)
(4507, 29)
(7283, 78)
(4755, 27)
(4691, 61)
(3611, 60)
(5715, 23)
(5771, 56)
(5795, 25)
(5851, 19)
(5891, 133)
(5907, 20)
(5979, 29)
(6043, 12)
(6091, 37)
(6115, 82)
(6395, 46)
(6499, 13)
(6515, 24)
(6819, 24)
(6843, 13)
(7011, 88)
(7251, 30)
(7331, 25)
(7571, 32)
(7675, 49)
(7947, 36)
(7995, 21)
(8003, 21)
(8035, 42)
(8123, 49)
(8139, 13)
(8187, 26)
(8203, 9)
(8267, 10)
(4827, 46)
(6835, 12)
(4179, 103)
(3595, 36)
(939, 62)
(1331, 244)
(3931, 93)
(4083, 73)
(56003, 99)
(771, 96)
(859, 8)
(6619, 250)
(31747, 30)
(4731, 86)
(6691, 5)
(7275, 38)
(8675, 79)
(8931, 71)
(26155, 33)
(39307, 102)
(54331, 76)
(54787, 112)
(62235, 11)
(651, 31)
(739, 9)
(43419, 108)
(60763, 20)
(3003, 88)
(5075, 120)
(5395, 64)
(55955, 63)
(4659, 128)
(3875, 53)
(25795, 53)
(25891, 101)
(26547, 109)
(26915, 37)
(26211, 11)
(4491, 38)
(5315, 49)
(2235, 20)
(1651, 99)
(3331, 117)
(8259, 53)
(41411, 50)
(52435, 190)
(1795, 33)
(8731, 138)
(8963, 51)
(26283, 69)
(31467, 47)
(2963, 81)
(3427, 211)
(4843, 5)
(683, 24)
(2619, 10)
(8043, 46)
(8971, 21)
(61123, 38)
(26803, 23)
(25763, 72)
(46803, 69)
(1891, 62)
(3027, 36)
(8571, 89)
(36539, 25)
(3883, 40)
(4715, 69)
(5155, 54)
(403, 9)
(1531, 51)
(8787, 38)
(1899, 55)
(7411, 16)
(6267, 48)
(7315, 66)
(8771, 18)
(4099, 33)
(4107, 28)
(723, 25)
(4259, 177)
(5403, 9)
(6859, 77)
(25755, 66)
(47907, 7)
(1075, 87)
(1811, 52)
(4459, 44)
(8579, 17)
(4627, 125)
(31555, 63)
(139, 31)
(643, 15)
(699, 12)
(4315, 20)
(3123, 26)
(7051, 102)
(8883, 6)
(5195, 23)
(37211, 32)
(53883, 4)
(60363, 34)
(50011, 43)
(33675, 44)
(52867, 73)
(5235, 74)
(6099, 36)
(8483, 12)
(33539, 57)
(5467, 31)
(31251, 95)
(2955, 18)
(1315, 39)
(27627, 19)
(5779, 99)
(6475, 95)
(61011, 5)
(5355, 44)
(4403, 153)
(1579, 18)
(7403, 16)
(6403, 73)
(1659, 60)
(8867, 25)
(8899, 56)
(1787, 14)
(5123, 63)
(5491, 28)
(3651, 15)
(3891, 17)
(5163, 33)
(5259, 16)
(5371, 9)
(5587, 42)
(5595, 28)
(5659, 28)
(5755, 39)
(7491, 31)
(7931, 8)
(8395, 43)
(8619, 16)
(8803, 15)
(8843, 22)
(26875, 30)
(32395, 21)
(36523, 29)
(43011, 6)
(44595, 20)
(49571, 7)
(53131, 22)
(55851, 16)
(61931, 15)
(2675, 60)
(8339, 8)
(8683, 31)
(4363, 38)
(25931, 13)
(26139, 37)
(5091, 17)
(7563, 19)
(26323, 13)
(33451, 26)
(4451, 51)
(5627, 22)
(6683, 58)
(6075, 16)
(4763, 35)
(6011, 32)
(3443, 37)
(3995, 20)
(8331, 42)
(4651, 33)
(6923, 40)
(8403, 17)
(8715, 9)
(8979, 34)
(9003, 13)
(8747, 29)
(43899, 12)
(8499, 75)
(27843, 27)
(3283, 44)
(6083, 36)
(32371, 75)
(5203, 33)
(31107, 16)
(59107, 17)
(6563, 41)
(26187, 27)
(55259, 59)
(4883, 18)
(5571, 10)
(7443, 8)
(5579, 10)
(2299, 28)
(4667, 27)
(8851, 31)
(33603, 41)
(4955, 41)
(6227, 12)
(4907, 31)
(4923, 49)
(3899, 34)
(6139, 31)
(6507, 9)
(6931, 19)
(1915, 18)
(6555, 14)
(8227, 38)
(49355, 29)
(5819, 32)
(6307, 25)
(7083, 35)
(5835, 10)
(8603, 6)
(7291, 14)
(25835, 42)
(62155, 57)
(5547, 12)
(6147, 39)
(6275, 10)
(6355, 37)
(51, 15)
(6491, 2)
(8411, 5)
(30747, 28)
(5043, 23)
(8611, 37)
(25947, 53)
(45611, 14)
(47723, 26)
(50619, 4)
(65091, 3)
(26811, 12)
(5243, 64)
(6411, 18)
(6443, 11)
(50259, 26)
(819, 39)
(3603, 14)
(31547, 2)
(38435, 1)
(40491, 12)
(52227, 44)
(26107, 6)
(3131, 9)
(9019, 17)
(61075, 42)
(4171, 19)
(31011, 7)
(3803, 20)
(5019, 11)
(6019, 28)
(9011, 31)
(675, 23)
(115, 22)
(395, 8)
(1139, 16)
(1443, 15)
(4539, 27)
(6131, 29)
(4379, 14)
(3523, 32)
(3291, 14)
(1467, 19)
(8427, 21)
(25899, 23)
(41627, 10)
(58059, 2)
(64283, 2)
(6907, 12)
(4859, 21)
(26123, 33)
(57499, 4)
(8995, 17)
(6627, 11)
(8723, 6)
(6939, 46)
(34643, 30)
(37955, 20)
(26251, 12)
(6715, 14)
(8819, 16)
(26147, 15)
(32875, 9)
(63283, 3)
(58595, 1)
(31123, 9)
(62331, 4)
(4891, 8)
(61267, 8)
(1851, 10)
(4747, 12)
(5067, 5)
(6635, 32)
(7699, 8)
(38843, 5)
(5683, 4)
(63339, 3)
(4931, 22)
(7627, 8)
(6739, 13)
(7187, 15)
(32347, 16)
(3907, 11)
(2547, 6)
(7339, 5)
(55419, 18)
(2595, 11)
(50347, 4)
(5811, 4)
(1819, 12)
(3059, 6)
(3227, 3)
(60411, 7)
(7363, 2)
(6915, 5)
(8763, 9)
(34499, 19)
(26339, 6)
(7483, 8)
(3779, 2)
(65011, 1)
(27587, 11)
(59339, 13)
(54419, 4)
(57811, 4)
(61467, 2)
(61475, 3)
(34299, 4)
(2251, 5)
(8699, 4)
(55603, 13)
(55507, 5)
(6891, 4)
(6955, 5)
(6171, 5)
(53835, 5)
(63515, 11)
(26379, 8)
(44587, 15)
(8635, 12)
(45707, 1)
(64923, 2)
(1155, 7)
(61707, 3)
(62299, 6)
(62203, 4)
(63179, 1)
(54691, 6)
(60475, 5)
(64499, 4)
(63187, 2)
(8707, 2)
(26347, 4)
(26059, 2)
(62851, 2)
(26483, 4)
(41699, 4)
(32211, 3)
(4075, 1)
(26699, 5)
(53355, 1)
(56067, 3)
(3411, 5)
(8627, 2)
(48123, 2)
(26067, 1)
(64243, 2)
(64611, 2)
(39659, 2)
(48899, 1)
(65027, 1)
(64275, 1)
(3195, 3)
(64427, 1)
