(480, 32631)
(520, 8062)
(616, 4074)
(376, 6892)
(648, 21085)
(736, 18801)
(1544, 8190)
(1288, 8786)
(1408, 7073)
(1552, 7912)
(3408, 8786)
(5952, 14389)
(208, 16023)
(344, 21014)
(432, 8010)
(440, 12017)
(592, 26996)
(32, 24397)
(232, 3843)
(608, 23794)
(912, 12507)
(920, 8220)
(1080, 10758)
(1096, 2141)
(1104, 3364)
(1280, 1824)
(1264, 1633)
(1304, 8880)
(1584, 11239)
(800, 4529)
(904, 8825)
(1240, 17519)
(1248, 2665)
(1256, 3053)
(1344, 2573)
(2648, 1850)
(2936, 754)
(3176, 7637)
(4432, 390)
(5184, 107)
(5440, 223)
(5528, 2357)
(16, 9621)
(104, 10156)
(160, 9206)
(216, 4489)
(240, 550)
(256, 5238)
(288, 14012)
(328, 1524)
(368, 10349)
(384, 496)
(552, 7334)
(688, 1863)
(784, 8274)
(1064, 1518)
(1136, 16242)
(1200, 14167)
(1208, 11688)
(1320, 7408)
(1608, 7905)
(1616, 2351)
(1704, 13865)
(1792, 2440)
(1848, 800)
(1920, 2063)
(1992, 683)
(2000, 9808)
(2072, 1504)
(2232, 3019)
(2496, 2148)
(2600, 2908)
(2640, 8943)
(2672, 2183)
(2808, 2132)
(2944, 3841)
(2968, 4723)
(2976, 2190)
(3208, 1098)
(3248, 1350)
(3256, 4751)
(3264, 2554)
(3448, 6310)
(3624, 3877)
(3704, 2926)
(3744, 2156)
(3752, 4000)
(3864, 745)
(4040, 1124)
(4128, 2907)
(4200, 335)
(4224, 465)
(4280, 1679)
(4488, 633)
(4544, 863)
(4624, 463)
(4672, 226)
(4728, 1687)
(4744, 947)
(4776, 3753)
(4848, 4332)
(4992, 1433)
(5040, 958)
(5128, 714)
(5152, 1725)
(5816, 6488)
(5872, 2605)
(5944, 1618)
(6040, 287)
(6264, 792)
(6280, 256)
(6296, 1687)
(6440, 1579)
(6720, 135)
(6800, 335)
(6880, 662)
(6888, 1134)
(6936, 2007)
(6944, 1369)
(6952, 971)
(7000, 574)
(7360, 1742)
(7376, 378)
(7448, 271)
(8016, 245)
(8360, 6583)
(8368, 5304)
(8528, 2408)
(8640, 977)
(8968, 394)
(8984, 2348)
(27728, 491)
(296, 34864)
(1056, 439)
(1216, 968)
(1296, 3668)
(1680, 3578)
(1784, 11940)
(1960, 3831)
(2112, 1636)
(2352, 3854)
(2872, 3473)
(1376, 7373)
(2160, 3795)
(2424, 5974)
(2712, 8138)
(2840, 2642)
(3552, 4504)
(3608, 3098)
(88, 2680)
(3016, 1645)
(4232, 1909)
(4248, 724)
(4480, 419)
(4912, 486)
(5048, 316)
(1088, 5928)
(1688, 1818)
(4896, 7834)
(8912, 247)
(27808, 1021)
(32296, 368)
(34520, 390)
(2360, 1103)
(2368, 261)
(2728, 2577)
(3960, 89)
(4344, 3000)
(112, 7587)
(832, 8550)
(1488, 2148)
(1968, 10932)
(2136, 1564)
(2528, 2884)
(2616, 3209)
(4008, 2125)
(4368, 919)
(6664, 829)
(7016, 194)
(40, 566)
(224, 5310)
(720, 4356)
(808, 502)
(1016, 923)
(1032, 3933)
(1192, 644)
(1224, 2762)
(728, 2275)
(64, 1335)
(640, 2012)
(880, 3195)
(2144, 4447)
(3896, 903)
(3952, 1610)
(3968, 2015)
(248, 1994)
(848, 1299)
(1272, 4428)
(8, 899)
(24, 4652)
(48, 7313)
(168, 7232)
(408, 372)
(464, 1952)
(504, 714)
(528, 581)
(704, 1160)
(888, 425)
(968, 4202)
(1592, 696)
(1640, 326)
(1744, 315)
(2120, 955)
(2296, 1080)
(2320, 993)
(2384, 2788)
(2432, 1060)
(2560, 893)
(2664, 2625)
(2688, 3336)
(2720, 2006)
(3000, 4125)
(3328, 2225)
(3400, 133)
(3536, 2346)
(3616, 807)
(3664, 126)
(3824, 829)
(4016, 2709)
(3160, 6247)
(8464, 3760)
(1840, 951)
(1912, 4576)
(2048, 785)
(3424, 3145)
(3440, 1091)
(4568, 173)
(4720, 4725)
(4816, 3481)
(5064, 2524)
(5096, 240)
(5400, 1951)
(4448, 2315)
(4880, 1323)
(5296, 704)
(7048, 216)
(8376, 2843)
(8784, 4041)
(31696, 1721)
(37720, 424)
(45672, 682)
(49272, 3914)
(176, 1458)
(1392, 1110)
(2336, 5139)
(1416, 2687)
(2088, 2099)
(2248, 4797)
(3072, 4223)
(3712, 940)
(1672, 2188)
(1888, 1765)
(1120, 5155)
(2064, 4293)
(2792, 2215)
(3936, 324)
(5608, 727)
(2696, 610)
(47200, 532)
(54272, 1944)
(928, 2547)
(1152, 106)
(1936, 427)
(1944, 1772)
(2176, 1389)
(2184, 841)
(2208, 1156)
(3088, 1800)
(3152, 1553)
(3504, 2573)
(3808, 138)
(4136, 43)
(4464, 769)
(4784, 455)
(4808, 328)
(4840, 106)
(4920, 233)
(5120, 626)
(8208, 50)
(25856, 120)
(34528, 333)
(45720, 1117)
(50064, 142)
(3512, 1606)
(5464, 4094)
(680, 599)
(1232, 587)
(2376, 1851)
(3232, 63)
(3632, 165)
(3640, 58)
(3984, 2239)
(4392, 204)
(4408, 60)
(4768, 69)
(5008, 687)
(5304, 213)
(6584, 283)
(7064, 419)
(7072, 414)
(7136, 85)
(8336, 53)
(33312, 106)
(1952, 3460)
(2080, 5164)
(2312, 1722)
(2520, 931)
(2920, 553)
(3168, 2658)
(72, 712)
(144, 2888)
(536, 449)
(952, 1460)
(2400, 212)
(2736, 920)
(2752, 607)
(3048, 213)
(3120, 546)
(3224, 315)
(3296, 982)
(3464, 58)
(3472, 43)
(3816, 167)
(4208, 62)
(4664, 276)
(280, 3204)
(2024, 506)
(3096, 366)
(3112, 211)
(1976, 783)
(568, 257)
(5016, 815)
(6104, 1247)
(57528, 371)
(59784, 644)
(448, 1878)
(944, 647)
(2288, 4247)
(2880, 273)
(2952, 1023)
(3040, 1231)
(3104, 3092)
(3360, 2569)
(3576, 738)
(3680, 191)
(3760, 883)
(544, 1348)
(272, 4988)
(760, 501)
(1904, 588)
(2912, 2058)
(5288, 281)
(6184, 669)
(6448, 353)
(7560, 415)
(8400, 54)
(27904, 1006)
(46976, 1866)
(50872, 2038)
(34048, 2758)
(4424, 707)
(2152, 399)
(2568, 941)
(3024, 584)
(6016, 4370)
(6576, 35)
(42728, 186)
(55872, 173)
(352, 854)
(1464, 2087)
(1472, 266)
(1480, 1249)
(1624, 307)
(2344, 1049)
(2856, 304)
(3384, 872)
(4104, 608)
(4336, 257)
(4872, 87)
(1984, 586)
(3528, 1044)
(4936, 725)
(2328, 955)
(2096, 3219)
(3784, 811)
(3032, 983)
(96, 306)
(456, 563)
(632, 195)
(1176, 965)
(1184, 641)
(1312, 215)
(1496, 196)
(304, 470)
(4616, 925)
(336, 196)
(1600, 424)
(2168, 326)
(2744, 169)
(2416, 1570)
(3480, 616)
(1008, 491)
(1024, 672)
(5072, 805)
(7216, 257)
(7256, 888)
(7720, 331)
(7728, 280)
(26776, 572)
(27456, 55)
(3992, 399)
(4304, 661)
(5992, 2095)
(6392, 162)
(45440, 212)
(39400, 130)
(43904, 109)
(43936, 555)
(840, 426)
(2816, 626)
(488, 344)
(1128, 970)
(1456, 302)
(2256, 84)
(2456, 1059)
(2992, 122)
(3672, 489)
(3840, 325)
(1760, 1438)
(1816, 450)
(1880, 146)
(2128, 148)
(2504, 915)
(2552, 173)
(2888, 640)
(3688, 1310)
(4080, 395)
(4352, 141)
(4504, 127)
(4512, 89)
(4520, 268)
(4584, 149)
(4600, 219)
(5264, 357)
(5584, 298)
(5768, 104)
(2488, 494)
(3432, 269)
(4144, 916)
(4640, 326)
(5792, 497)
(6552, 1148)
(6920, 129)
(8928, 161)
(27592, 366)
(42632, 349)
(47640, 288)
(47952, 120)
(48856, 87)
(1432, 801)
(7704, 109)
(4296, 534)
(1752, 1045)
(45728, 988)
(54648, 229)
(3272, 685)
(4552, 209)
(5544, 433)
(472, 467)
(896, 317)
(992, 175)
(1112, 256)
(1440, 431)
(1504, 81)
(1528, 17)
(1648, 955)
(1824, 299)
(1872, 53)
(1896, 169)
(2016, 538)
(2272, 544)
(2392, 838)
(2408, 1135)
(2576, 23)
(2624, 430)
(2864, 100)
(3128, 193)
(3304, 166)
(3456, 210)
(3720, 368)
(3880, 65)
(3912, 165)
(4152, 120)
(4168, 319)
(4736, 321)
(4968, 39)
(5112, 176)
(5256, 66)
(5480, 404)
(5664, 97)
(5688, 81)
(5808, 119)
(5896, 108)
(8808, 349)
(936, 813)
(31184, 273)
(43560, 288)
(43928, 416)
(53464, 555)
(7096, 131)
(26064, 84)
(38304, 276)
(57368, 905)
(200, 227)
(416, 1127)
(3768, 223)
(7104, 312)
(8800, 238)
(51080, 564)
(55768, 249)
(312, 857)
(3592, 28)
(3920, 218)
(4312, 171)
(4384, 74)
(4824, 69)
(4888, 359)
(4928, 273)
(4976, 446)
(5136, 89)
(5272, 133)
(5352, 147)
(5424, 88)
(5496, 38)
(5560, 90)
(5680, 391)
(6008, 103)
(6216, 379)
(6288, 292)
(6776, 307)
(7008, 390)
(7160, 1825)
(7168, 24)
(7176, 26)
(7264, 16)
(7384, 40)
(7456, 50)
(7832, 117)
(7880, 11)
(8256, 53)
(8584, 46)
(8768, 53)
(8872, 85)
(26840, 184)
(27768, 67)
(27776, 28)
(31952, 143)
(32600, 32)
(33880, 466)
(34072, 1382)
(34536, 186)
(360, 1307)
(664, 223)
(496, 278)
(512, 770)
(864, 58)
(1336, 298)
(1352, 489)
(1696, 138)
(2448, 821)
(3008, 400)
(3184, 24)
(3728, 478)
(4056, 872)
(4272, 85)
(5504, 554)
(5752, 264)
(5968, 194)
(6624, 321)
(6808, 624)
(6872, 231)
(8520, 96)
(48304, 861)
(48696, 522)
(52328, 699)
(54736, 463)
(55080, 190)
(80, 368)
(8880, 755)
(2904, 88)
(4792, 213)
(5248, 202)
(5696, 298)
(5736, 107)
(5960, 100)
(6240, 68)
(6320, 119)
(5856, 14)
(33896, 160)
(3600, 260)
(3648, 46)
(53000, 917)
(7368, 29)
(27608, 88)
(27816, 134)
(30848, 207)
(34648, 12)
(37240, 371)
(38600, 110)
(48416, 135)
(51088, 169)
(52456, 129)
(152, 406)
(712, 125)
(5784, 653)
(6424, 195)
(6568, 154)
(6984, 131)
(8008, 223)
(5712, 353)
(5392, 142)
(2032, 158)
(2040, 489)
(600, 190)
(1928, 94)
(3320, 247)
(3792, 145)
(4800, 115)
(4952, 50)
(4960, 38)
(5088, 42)
(5360, 61)
(5568, 391)
(6368, 148)
(6816, 160)
(7184, 19)
(8392, 25)
(26152, 352)
(27912, 318)
(2704, 258)
(2848, 240)
(3240, 135)
(27416, 229)
(120, 84)
(960, 94)
(2240, 994)
(2776, 82)
(2824, 84)
(3200, 636)
(3856, 5)
(3928, 552)
(4032, 53)
(4160, 202)
(5416, 73)
(5632, 303)
(5656, 30)
(5840, 193)
(5936, 95)
(6592, 194)
(6680, 61)
(6752, 53)
(7416, 120)
(7440, 76)
(7584, 201)
(8128, 306)
(8712, 156)
(8864, 163)
(6408, 22)
(56152, 566)
(60040, 585)
(5312, 767)
(8576, 231)
(3496, 154)
(1328, 178)
(4184, 278)
(2056, 104)
(6480, 143)
(33672, 219)
(6312, 49)
(7088, 204)
(25752, 44)
(30816, 614)
(45208, 193)
(56176, 133)
(2472, 308)
(31424, 197)
(6352, 68)
(52448, 42)
(62344, 43)
(63992, 61)
(4696, 260)
(5640, 183)
(5448, 81)
(27648, 74)
(3584, 303)
(3872, 280)
(4688, 347)
(4560, 80)
(5056, 163)
(6192, 62)
(6536, 312)
(6896, 95)
(7032, 69)
(7040, 343)
(7056, 206)
(7208, 151)
(7616, 161)
(7976, 98)
(26680, 379)
(60072, 497)
(55232, 324)
(61160, 127)
(6144, 41)
(2008, 76)
(3544, 272)
(6152, 51)
(4440, 251)
(37384, 286)
(57640, 464)
(6832, 527)
(8024, 47)
(32584, 76)
(34336, 377)
(43744, 85)
(44864, 242)
(45880, 450)
(48744, 218)
(55280, 445)
(55288, 53)
(6232, 199)
(62000, 4)
(5928, 55)
(6672, 102)
(54256, 141)
(4216, 304)
(2440, 228)
(4536, 39)
(5472, 205)
(5512, 35)
(6744, 234)
(6856, 274)
(7624, 333)
(31584, 24)
(45928, 326)
(2592, 22)
(52712, 89)
(55272, 182)
(59016, 146)
(59336, 91)
(1728, 148)
(6344, 205)
(4000, 342)
(7920, 63)
(4864, 59)
(7352, 173)
(48520, 183)
(57464, 105)
(57536, 60)
(60688, 10)
(560, 29)
(1856, 366)
(2928, 344)
(2104, 193)
(2784, 277)
(6416, 100)
(6528, 69)
(4496, 353)
(8040, 50)
(32632, 40)
(3064, 248)
(6520, 36)
(7320, 189)
(25888, 15)
(26144, 22)
(2280, 551)
(824, 248)
(2536, 198)
(3736, 202)
(4024, 388)
(6768, 180)
(33832, 31)
(49280, 215)
(49824, 375)
(136, 68)
(6168, 39)
(4256, 158)
(320, 205)
(792, 32)
(424, 462)
(2608, 26)
(31000, 43)
(48560, 182)
(1000, 128)
(5080, 281)
(5648, 152)
(5832, 60)
(6760, 65)
(31032, 35)
(6784, 106)
(1040, 100)
(1144, 109)
(5432, 31)
(50440, 32)
(26696, 52)
(27584, 48)
(38992, 184)
(5024, 33)
(5672, 233)
(2264, 366)
(2512, 89)
(656, 747)
(8832, 75)
(2656, 216)
(7936, 59)
(7984, 105)
(53752, 3)
(60760, 155)
(1400, 19)
(7840, 226)
(2800, 176)
(2480, 32)
(2768, 48)
(816, 49)
(1168, 112)
(1360, 31)
(1384, 84)
(1448, 32)
(4240, 251)
(5912, 15)
(56, 48)
(1520, 92)
(3392, 597)
(5600, 78)
(5984, 63)
(184, 212)
(3056, 70)
(52952, 279)
(4704, 174)
(7912, 19)
(7304, 88)
(3144, 150)
(4072, 84)
(6032, 125)
(856, 39)
(984, 157)
(50160, 170)
(37736, 160)
(49312, 49)
(55176, 90)
(44840, 179)
(47264, 90)
(47384, 33)
(61024, 264)
(6304, 75)
(6064, 86)
(8920, 62)
(26464, 74)
(60728, 3)
(4176, 44)
(5456, 102)
(6056, 52)
(6400, 87)
(26976, 15)
(4320, 52)
(7024, 121)
(50912, 253)
(61312, 5)
(5880, 60)
(26472, 73)
(50800, 77)
(5728, 28)
(6864, 87)
(776, 30)
(392, 169)
(57520, 42)
(61352, 86)
(3944, 52)
(4656, 27)
(5216, 27)
(39408, 28)
(39416, 17)
(5224, 70)
(7312, 32)
(8656, 190)
(8848, 81)
(27744, 33)
(48872, 49)
(57792, 32)
(61240, 95)
(7792, 210)
(26504, 71)
(27664, 64)
(43912, 91)
(5376, 90)
(8720, 97)
(5240, 101)
(5888, 72)
(27368, 45)
(43376, 225)
(59912, 15)
(6992, 252)
(44168, 36)
(54328, 21)
(8264, 87)
(6656, 22)
(6696, 83)
(3696, 229)
(5552, 60)
(4608, 89)
(5848, 28)
(6384, 21)
(7272, 72)
(8856, 17)
(624, 30)
(6616, 55)
(4400, 43)
(6464, 204)
(6072, 42)
(6096, 29)
(6120, 64)
(6136, 5)
(6256, 10)
(6456, 14)
(6648, 33)
(6976, 92)
(7112, 19)
(7128, 76)
(7232, 30)
(7280, 53)
(7288, 13)
(7328, 47)
(7336, 20)
(7768, 13)
(7896, 90)
(7928, 12)
(7944, 103)
(7952, 9)
(7992, 10)
(8136, 15)
(8168, 25)
(8240, 14)
(4472, 46)
(7784, 40)
(4712, 83)
(7824, 5)
(59440, 35)
(3216, 51)
(768, 26)
(49528, 69)
(3568, 63)
(5344, 55)
(8512, 159)
(5336, 28)
(4752, 49)
(26280, 32)
(4680, 123)
(3888, 36)
(4632, 113)
(6080, 17)
(9000, 63)
(26688, 94)
(8536, 3)
(58376, 30)
(61248, 96)
(4944, 84)
(6792, 40)
(27408, 110)
(4416, 84)
(26488, 72)
(26704, 118)
(40952, 65)
(50792, 136)
(25952, 60)
(32160, 62)
(3192, 87)
(6600, 23)
(4088, 25)
(7480, 54)
(8272, 26)
(976, 280)
(6496, 6)
(8600, 212)
(3776, 73)
(6544, 51)
(59392, 42)
(7888, 135)
(264, 106)
(6208, 44)
(696, 60)
(2304, 62)
(2680, 16)
(5232, 103)
(6128, 50)
(26744, 34)
(27792, 84)
(33592, 25)
(5200, 34)
(27888, 46)
(4328, 93)
(2832, 18)
(7080, 128)
(872, 28)
(5368, 54)
(6176, 64)
(3368, 176)
(8744, 17)
(5384, 40)
(2464, 71)
(48032, 37)
(8488, 25)
(2544, 84)
(39896, 15)
(6376, 51)
(42736, 9)
(30712, 47)
(31528, 75)
(49200, 30)
(5800, 86)
(4096, 30)
(4528, 38)
(5104, 22)
(1776, 13)
(62336, 62)
(192, 58)
(5192, 54)
(8792, 14)
(33136, 53)
(5864, 105)
(8896, 21)
(9008, 24)
(5408, 29)
(31408, 24)
(54768, 36)
(744, 30)
(5168, 135)
(6488, 90)
(8056, 44)
(33168, 28)
(4288, 37)
(4456, 11)
(8680, 25)
(128, 57)
(3288, 20)
(5208, 49)
(5760, 55)
(6200, 44)
(400, 19)
(672, 21)
(752, 26)
(8632, 10)
(32392, 27)
(59256, 38)
(7752, 7)
(3136, 21)
(3560, 14)
(8728, 17)
(60832, 35)
(2984, 79)
(3832, 74)
(8624, 8)
(25744, 11)
(26336, 11)
(40752, 6)
(57504, 41)
(62008, 2)
(1656, 73)
(8616, 32)
(48600, 26)
(47976, 41)
(3848, 62)
(6848, 43)
(8544, 17)
(26792, 37)
(32352, 13)
(3080, 3)
(2200, 33)
(1864, 56)
(27864, 40)
(7240, 23)
(1368, 29)
(6248, 30)
(2632, 63)
(8696, 12)
(3520, 77)
(8840, 31)
(7392, 26)
(7400, 9)
(3656, 12)
(7192, 29)
(1664, 41)
(4760, 14)
(8496, 66)
(4832, 39)
(6472, 23)
(48584, 12)
(2192, 31)
(3280, 14)
(3344, 79)
(4576, 36)
(5592, 27)
(5824, 87)
(6000, 14)
(6272, 33)
(6736, 32)
(6840, 64)
(8504, 44)
(8608, 40)
(8960, 15)
(9016, 7)
(32088, 6)
(38320, 2)
(45664, 21)
(6024, 38)
(6432, 47)
(4360, 141)
(33688, 11)
(5160, 31)
(27528, 23)
(1632, 123)
(6048, 11)
(8688, 15)
(6504, 2)
(8664, 15)
(33072, 31)
(41136, 19)
(4376, 35)
(5328, 32)
(4192, 48)
(5144, 16)
(6088, 25)
(7200, 28)
(7224, 33)
(7408, 29)
(8976, 7)
(26112, 14)
(30952, 33)
(2896, 54)
(6560, 50)
(7120, 15)
(5000, 66)
(25904, 44)
(26240, 59)
(7248, 28)
(5920, 8)
(3976, 40)
(8456, 29)
(6968, 18)
(4856, 48)
(3800, 25)
(8952, 12)
(4064, 75)
(5616, 3)
(7152, 40)
(8760, 33)
(4048, 42)
(3488, 45)
(5624, 24)
(6160, 44)
(6328, 14)
(6928, 29)
(5520, 15)
(31104, 24)
(27432, 46)
(6688, 19)
(7488, 25)
(8752, 60)
(6728, 25)
(26096, 17)
(34608, 15)
(1832, 34)
(6336, 19)
(36392, 9)
(8120, 7)
(8384, 19)
(4112, 13)
(6512, 26)
(1160, 24)
(4120, 33)
(8232, 23)
(25832, 2)
(25840, 9)
(26208, 9)
(36056, 12)
(47728, 6)
(52352, 5)
(56744, 4)
(4648, 6)
(6960, 9)
(8224, 7)
(6608, 10)
(8888, 2)
(60880, 1)
(8824, 8)
(34624, 10)
(7808, 7)
(8480, 14)
(26616, 26)
(33288, 12)
(2960, 60)
(32128, 23)
(3352, 16)
(4592, 42)
(4984, 30)
(5032, 24)
(576, 17)
(584, 20)
(1424, 11)
(38824, 7)
(62912, 23)
(5904, 4)
(6912, 13)
(25960, 8)
(1720, 36)
(49688, 20)
(8648, 8)
(63768, 3)
(8816, 19)
(32120, 8)
(7296, 4)
(60768, 6)
(39768, 8)
(63312, 2)
(5576, 13)
(1768, 13)
(8736, 7)
(3904, 4)
(5976, 12)
(5536, 8)
(27544, 13)
(58520, 1)
(6712, 4)
(4904, 3)
(7648, 11)
(5488, 26)
(5744, 17)
(8672, 8)
(26128, 19)
(5776, 16)
(7872, 14)
(31160, 12)
(32456, 18)
(31040, 9)
(2216, 20)
(2224, 7)
(2584, 11)
(8992, 20)
(8944, 8)
(33152, 7)
(8904, 4)
(5280, 16)
(32056, 7)
(52016, 4)
(7344, 5)
(26544, 14)
(6824, 28)
(2760, 37)
(5176, 13)
(6112, 7)
(64032, 18)
(62376, 13)
(3336, 9)
(8936, 6)
(27376, 13)
(59832, 4)
(30896, 5)
(61264, 7)
(57848, 5)
(27736, 8)
(31112, 4)
(36152, 12)
(55440, 7)
(51304, 5)
(31600, 7)
(62792, 15)
(61816, 5)
(33160, 2)
(65088, 8)
(8424, 7)
(6632, 5)
(6704, 16)
(36752, 3)
(59816, 5)
(26360, 7)
(25736, 3)
(33296, 5)
(32792, 7)
(8704, 6)
(41336, 5)
(57480, 3)
(31680, 5)
(64368, 3)
(63760, 2)
(5720, 7)
(33008, 3)
(54144, 1)
(63840, 1)
(6640, 7)
(58808, 3)
(59000, 5)
(6224, 6)
(8776, 2)
(49856, 4)
(26176, 4)
(64976, 1)
(26136, 5)
(5320, 2)
(46664, 7)
(37976, 4)
(1568, 5)
(5704, 5)
(26048, 4)
(61560, 2)
(8592, 5)
(3376, 2)
(7816, 3)
(33264, 2)
(33608, 3)
(64408, 2)
(7568, 1)
(64288, 1)
(62920, 3)
(7144, 3)
(63808, 3)
(60336, 1)
(64280, 2)
(61048, 2)
(3312, 2)
(59680, 1)
(59840, 1)
(63688, 1)
(64944, 1)
(61768, 1)
