(185, 14975)
(329, 16167)
(377, 23748)
(1049, 3028)
(1073, 15638)
(5505, 1354)
(6377, 9863)
(7153, 12366)
(8529, 2368)
(153, 19326)
(161, 14551)
(1, 26449)
(25, 13190)
(57, 1559)
(249, 3137)
(321, 624)
(345, 6215)
(593, 33668)
(969, 5852)
(1041, 3461)
(1097, 17611)
(1225, 11118)
(457, 28951)
(1193, 14435)
(3753, 7132)
(4161, 2353)
(4369, 3298)
(913, 6637)
(1617, 15018)
(5017, 291)
(5481, 3858)
(6273, 146)
(145, 6562)
(353, 9774)
(393, 1060)
(481, 3034)
(489, 1881)
(537, 2211)
(705, 281)
(737, 2757)
(785, 5997)
(849, 4267)
(1089, 13428)
(1129, 4860)
(1265, 16743)
(1321, 3809)
(1377, 7089)
(1385, 3294)
(1393, 12796)
(1409, 3352)
(1425, 1324)
(1513, 4502)
(1625, 7898)
(1641, 9019)
(1665, 1675)
(1673, 7355)
(1721, 16415)
(1777, 7345)
(1801, 3041)
(1961, 12784)
(1969, 1153)
(1993, 547)
(2001, 7281)
(2105, 5251)
(2161, 5243)
(2193, 4930)
(2329, 9573)
(2369, 3302)
(2393, 4258)
(2433, 2479)
(2505, 2143)
(2617, 8948)
(2641, 4345)
(2657, 7483)
(2713, 2060)
(2793, 1206)
(2841, 2582)
(2881, 3923)
(2889, 1173)
(2913, 120)
(2985, 7765)
(3033, 6064)
(3081, 7139)
(3145, 731)
(3249, 1537)
(3257, 3167)
(3409, 2580)
(3457, 360)
(3593, 2072)
(3705, 1203)
(3745, 2912)
(3793, 13147)
(3809, 3028)
(3825, 1991)
(3841, 951)
(3897, 9635)
(3977, 8586)
(4105, 2532)
(4121, 1749)
(4265, 721)
(4321, 3714)
(4361, 4129)
(4489, 2258)
(4545, 1706)
(4673, 1038)
(4681, 1309)
(4993, 15938)
(5049, 2035)
(5065, 1400)
(5313, 1276)
(5609, 385)
(5673, 2749)
(5833, 459)
(5881, 1442)
(6537, 3956)
(6873, 1269)
(6953, 2584)
(6977, 277)
(7161, 656)
(7193, 319)
(8169, 493)
(8361, 2364)
(8633, 766)
(8641, 1834)
(8665, 5229)
(8961, 8040)
(8985, 868)
(30825, 1805)
(7361, 8393)
(44761, 629)
(17, 12464)
(265, 7433)
(1185, 3128)
(1233, 7507)
(1273, 1419)
(1305, 1252)
(1569, 5311)
(1913, 1063)
(2065, 2272)
(2745, 1357)
(1081, 2470)
(1033, 2139)
(569, 1053)
(809, 895)
(1105, 570)
(1113, 656)
(1249, 5124)
(1457, 1672)
(1753, 1234)
(2321, 7655)
(3041, 288)
(3105, 3445)
(3889, 751)
(4633, 138)
(953, 7485)
(4025, 4462)
(4961, 172)
(5449, 1552)
(6297, 1168)
(30793, 3029)
(1017, 1901)
(2353, 7891)
(4033, 1935)
(5593, 57)
(105, 5676)
(169, 1815)
(225, 7938)
(361, 3067)
(585, 5516)
(2081, 7802)
(2409, 2836)
(2473, 801)
(2953, 3485)
(3361, 4013)
(3489, 4186)
(3617, 3702)
(4865, 2247)
(5785, 1381)
(5961, 159)
(7345, 116)
(305, 2212)
(369, 755)
(449, 424)
(497, 8851)
(921, 1555)
(1009, 1598)
(1025, 2872)
(1177, 1167)
(1201, 7107)
(1297, 2627)
(1441, 3293)
(521, 1404)
(337, 10349)
(745, 6332)
(65, 2612)
(761, 2320)
(2145, 3820)
(2769, 409)
(3865, 600)
(3945, 227)
(3953, 814)
(3969, 2730)
(553, 9195)
(1345, 4423)
(1489, 242)
(9, 2518)
(73, 1632)
(257, 2455)
(473, 856)
(505, 801)
(529, 6505)
(609, 1484)
(673, 5114)
(801, 953)
(833, 891)
(881, 718)
(1209, 1902)
(1729, 6046)
(1833, 1410)
(1841, 467)
(1873, 1504)
(1921, 4488)
(1953, 4710)
(2089, 1242)
(2273, 4876)
(2289, 4712)
(2297, 2091)
(2497, 1065)
(2577, 142)
(2761, 4182)
(3273, 3108)
(3481, 8555)
(3513, 1507)
(3553, 360)
(3697, 2902)
(3785, 4275)
(6425, 215)
(409, 243)
(1257, 3085)
(1601, 400)
(1681, 1085)
(1889, 869)
(2097, 864)
(2857, 2360)
(3225, 527)
(3833, 182)
(5025, 1234)
(5265, 985)
(5617, 1954)
(5945, 2768)
(6001, 816)
(6185, 249)
(6265, 258)
(6281, 2503)
(6617, 703)
(3065, 21)
(5377, 4564)
(33145, 186)
(48385, 2867)
(441, 4162)
(1449, 3341)
(1353, 1363)
(1593, 967)
(2633, 985)
(289, 2002)
(1713, 1303)
(2401, 1469)
(3929, 365)
(3985, 410)
(44665, 1830)
(5401, 734)
(417, 2116)
(753, 359)
(905, 2286)
(929, 532)
(937, 291)
(945, 1246)
(1057, 2024)
(1337, 415)
(1929, 414)
(1945, 2990)
(2057, 458)
(2185, 151)
(2593, 312)
(2729, 1505)
(3097, 867)
(3201, 1188)
(3801, 846)
(3849, 158)
(4881, 2140)
(4969, 408)
(6993, 974)
(25777, 170)
(31617, 66)
(2993, 2244)
(3169, 1079)
(2961, 1157)
(3185, 1324)
(4465, 926)
(5361, 248)
(4745, 511)
(5577, 1360)
(1217, 2627)
(1281, 1809)
(2177, 363)
(2209, 88)
(3089, 1477)
(3129, 1068)
(3633, 1469)
(3641, 32)
(3681, 2095)
(4329, 674)
(4393, 100)
(4401, 146)
(4409, 171)
(5177, 346)
(5937, 89)
(6401, 96)
(6409, 45)
(6985, 300)
(7065, 203)
(7073, 576)
(7569, 1089)
(8601, 47)
(25769, 97)
(1497, 422)
(769, 105)
(2025, 1245)
(2313, 3459)
(2721, 384)
(1289, 1529)
(129, 123)
(297, 176)
(993, 161)
(1417, 484)
(2137, 3007)
(2249, 1087)
(2529, 7168)
(2929, 863)
(3329, 131)
(3393, 126)
(3401, 357)
(3441, 1613)
(3449, 96)
(3473, 69)
(3545, 1671)
(4281, 36)
(4705, 523)
(281, 2504)
(425, 568)
(5297, 282)
(1633, 1563)
(6225, 43)
(89, 1978)
(193, 4077)
(41, 2981)
(1161, 883)
(2009, 2273)
(3265, 1501)
(3521, 764)
(4553, 676)
(4641, 3026)
(4713, 809)
(4873, 1355)
(6305, 795)
(6385, 1875)
(7001, 743)
(7025, 227)
(7489, 125)
(7817, 197)
(8337, 494)
(37729, 1587)
(8969, 962)
(41569, 2602)
(53121, 672)
(58105, 204)
(3153, 926)
(2041, 537)
(3113, 2803)
(4569, 86)
(5969, 369)
(6793, 650)
(177, 1483)
(2017, 626)
(27721, 946)
(233, 2236)
(273, 4326)
(121, 566)
(1401, 925)
(2553, 885)
(1809, 543)
(1977, 705)
(2121, 1144)
(2513, 1789)
(5649, 428)
(2665, 214)
(2921, 1422)
(113, 737)
(617, 331)
(1361, 873)
(1465, 639)
(4009, 464)
(5113, 36)
(6881, 740)
(217, 617)
(793, 79)
(2073, 389)
(2457, 855)
(3505, 1551)
(4577, 433)
(2905, 589)
(3585, 53)
(4177, 96)
(7121, 484)
(7217, 177)
(50601, 367)
(4017, 1202)
(6657, 50)
(7209, 261)
(34153, 474)
(42009, 151)
(45081, 454)
(51937, 113)
(577, 377)
(1769, 1691)
(3857, 430)
(4305, 510)
(5009, 926)
(465, 439)
(1153, 89)
(2033, 779)
(2113, 323)
(2265, 384)
(2377, 664)
(2561, 679)
(3017, 401)
(3961, 323)
(81, 2040)
(433, 773)
(1121, 67)
(1689, 1177)
(2169, 634)
(2337, 772)
(2449, 168)
(2809, 156)
(3177, 709)
(4081, 144)
(4153, 476)
(4585, 267)
(4617, 152)
(4649, 386)
(4929, 461)
(5289, 68)
(5337, 163)
(5529, 252)
(5585, 271)
(5665, 291)
(6025, 145)
(665, 578)
(1241, 1284)
(5225, 2468)
(5569, 174)
(6721, 488)
(6857, 887)
(7481, 501)
(7649, 543)
(7769, 23)
(26585, 106)
(27801, 578)
(36529, 1863)
(37545, 44)
(54001, 1516)
(2817, 465)
(3569, 405)
(6753, 1029)
(6969, 43)
(7841, 378)
(4721, 261)
(4001, 89)
(1881, 328)
(681, 219)
(3729, 743)
(4809, 721)
(4889, 1076)
(49, 141)
(201, 240)
(241, 356)
(713, 98)
(1537, 2199)
(1585, 127)
(1897, 642)
(1937, 324)
(2153, 1546)
(2345, 175)
(2385, 607)
(2417, 330)
(2425, 368)
(2569, 31)
(2697, 253)
(2801, 540)
(2873, 152)
(3057, 34)
(3353, 24)
(3537, 167)
(3713, 238)
(4225, 1041)
(4249, 52)
(4345, 636)
(4729, 85)
(4737, 103)
(5073, 226)
(5321, 50)
(5417, 406)
(5625, 365)
(5873, 372)
(6217, 86)
(6593, 1171)
(7137, 902)
(7169, 189)
(897, 548)
(2969, 388)
(3073, 104)
(8865, 1508)
(36401, 833)
(37857, 374)
(49649, 393)
(64497, 56)
(54881, 379)
(3993, 1516)
(3873, 805)
(4041, 1989)
(3529, 607)
(6473, 51)
(6729, 28)
(513, 376)
(3649, 828)
(649, 82)
(729, 59)
(841, 209)
(1369, 53)
(1649, 909)
(1785, 754)
(1865, 236)
(2361, 695)
(3217, 254)
(4433, 104)
(4977, 148)
(5033, 224)
(5169, 105)
(5385, 458)
(5489, 367)
(5689, 167)
(6017, 50)
(6233, 131)
(6241, 85)
(6337, 320)
(6433, 180)
(6569, 32)
(7009, 340)
(7033, 317)
(7177, 199)
(7265, 443)
(7377, 196)
(7385, 28)
(7745, 156)
(7889, 123)
(8241, 30)
(8617, 48)
(8785, 45)
(8905, 152)
(8913, 29)
(25993, 34)
(31689, 133)
(32025, 98)
(33193, 12)
(33585, 96)
(33649, 133)
(33817, 154)
(34321, 182)
(42217, 52)
(44657, 39)
(52281, 1100)
(53921, 101)
(3385, 408)
(4129, 88)
(1545, 386)
(1857, 139)
(2625, 387)
(2849, 136)
(3241, 222)
(3905, 77)
(4833, 263)
(5553, 611)
(7561, 40)
(7897, 73)
(8369, 285)
(31705, 23)
(44849, 77)
(49961, 486)
(313, 629)
(4561, 127)
(4921, 340)
(2609, 292)
(2833, 120)
(4089, 288)
(4849, 209)
(5329, 543)
(5433, 249)
(5521, 157)
(5705, 297)
(5729, 79)
(5737, 96)
(5745, 146)
(6345, 286)
(8873, 1726)
(2585, 326)
(8977, 735)
(6057, 101)
(7449, 229)
(8937, 666)
(27689, 71)
(41617, 66)
(42721, 161)
(43921, 259)
(52241, 343)
(53129, 427)
(97, 895)
(697, 749)
(4113, 133)
(4857, 1508)
(6785, 429)
(2681, 292)
(6193, 171)
(32017, 304)
(2049, 123)
(3049, 152)
(3937, 377)
(4193, 53)
(4497, 99)
(5081, 406)
(5193, 144)
(5305, 163)
(5809, 461)
(5841, 284)
(6033, 41)
(6809, 125)
(6889, 431)
(7017, 471)
(33681, 82)
(44225, 62)
(8753, 60)
(7809, 158)
(961, 149)
(1529, 117)
(2441, 124)
(3289, 218)
(3425, 266)
(4217, 175)
(4273, 222)
(4297, 198)
(4377, 16)
(4529, 391)
(6609, 73)
(6689, 50)
(6777, 383)
(6841, 43)
(7617, 137)
(8201, 62)
(6713, 198)
(2241, 410)
(3121, 88)
(1985, 547)
(5105, 372)
(6481, 109)
(6561, 303)
(25945, 31)
(46337, 106)
(53993, 386)
(27873, 391)
(2977, 255)
(5425, 93)
(8225, 265)
(2753, 218)
(6577, 81)
(61361, 24)
(137, 147)
(2937, 502)
(5985, 52)
(41585, 45)
(3761, 202)
(4441, 141)
(4753, 75)
(641, 49)
(3777, 84)
(2945, 95)
(5497, 278)
(865, 62)
(4257, 9)
(4537, 315)
(4945, 315)
(5345, 31)
(5777, 174)
(5913, 27)
(6257, 50)
(7713, 131)
(7937, 131)
(8849, 34)
(3665, 94)
(53953, 520)
(4169, 163)
(56801, 254)
(58025, 489)
(59985, 75)
(61073, 19)
(5633, 277)
(7297, 146)
(26713, 93)
(44937, 122)
(561, 151)
(8377, 37)
(6441, 147)
(4241, 263)
(27865, 79)
(27905, 99)
(54281, 179)
(62113, 44)
(63113, 389)
(54513, 78)
(6761, 57)
(3161, 103)
(4521, 121)
(5817, 130)
(6041, 84)
(8833, 293)
(31433, 203)
(36537, 276)
(39449, 275)
(41025, 62)
(44161, 10)
(44929, 107)
(54745, 126)
(2521, 402)
(5681, 31)
(50153, 46)
(5121, 102)
(5601, 124)
(8609, 86)
(25753, 76)
(8537, 58)
(26865, 256)
(31225, 443)
(5137, 225)
(47937, 84)
(54785, 145)
(55577, 276)
(55729, 87)
(56145, 310)
(60753, 141)
(1609, 379)
(33, 44)
(209, 479)
(3769, 399)
(4801, 165)
(2201, 135)
(5801, 290)
(31193, 150)
(4625, 207)
(5241, 162)
(5457, 47)
(7369, 342)
(7585, 46)
(26513, 128)
(32721, 60)
(59313, 3)
(2649, 223)
(3689, 546)
(2785, 64)
(1169, 201)
(6249, 177)
(27513, 13)
(1473, 148)
(889, 78)
(3025, 37)
(6129, 28)
(633, 226)
(1793, 77)
(3497, 247)
(7697, 35)
(44193, 236)
(46865, 99)
(5409, 93)
(5657, 102)
(7257, 214)
(6545, 151)
(6897, 27)
(7201, 44)
(8809, 163)
(8841, 55)
(6705, 138)
(2129, 39)
(4985, 110)
(8825, 21)
(31553, 54)
(55257, 29)
(7321, 164)
(8593, 52)
(26425, 171)
(44729, 58)
(49793, 168)
(59729, 17)
(60649, 21)
(3313, 63)
(3465, 51)
(4793, 59)
(4777, 44)
(6849, 135)
(7577, 87)
(25793, 22)
(62801, 19)
(26729, 322)
(64153, 1)
(5097, 47)
(2673, 48)
(2865, 84)
(3881, 38)
(31049, 27)
(2545, 80)
(873, 29)
(1145, 38)
(985, 41)
(3721, 81)
(5721, 147)
(6201, 142)
(6513, 34)
(8057, 35)
(8745, 27)
(1825, 114)
(26745, 90)
(4065, 121)
(4417, 47)
(32153, 25)
(27193, 162)
(3921, 80)
(4425, 131)
(3609, 43)
(6625, 110)
(5353, 121)
(4233, 370)
(32289, 100)
(36513, 43)
(45361, 102)
(48161, 101)
(48593, 231)
(55553, 117)
(60937, 141)
(62081, 136)
(64249, 26)
(4201, 107)
(4337, 248)
(5001, 117)
(6817, 102)
(8689, 52)
(26649, 13)
(30721, 24)
(56921, 57)
(57401, 85)
(63433, 30)
(4601, 36)
(5769, 84)
(6313, 45)
(6321, 33)
(7305, 178)
(39441, 38)
(47793, 32)
(1905, 24)
(6289, 80)
(7089, 271)
(8129, 48)
(2689, 162)
(7353, 65)
(3305, 26)
(7881, 54)
(8401, 130)
(7057, 67)
(25833, 49)
(26393, 27)
(7833, 142)
(2305, 116)
(55241, 105)
(56169, 97)
(61465, 46)
(64969, 27)
(2897, 115)
(2481, 281)
(5041, 80)
(6457, 139)
(6497, 31)
(6945, 135)
(7785, 36)
(32649, 15)
(53161, 43)
(55721, 51)
(58297, 123)
(4073, 58)
(1329, 212)
(3673, 146)
(4313, 152)
(8033, 219)
(5537, 23)
(6769, 69)
(51705, 71)
(2705, 63)
(5561, 102)
(5977, 53)
(6049, 56)
(6177, 45)
(3281, 199)
(3433, 170)
(5217, 38)
(4473, 197)
(5641, 41)
(5761, 36)
(5825, 127)
(5857, 35)
(5865, 16)
(6121, 41)
(6161, 25)
(6521, 73)
(6641, 56)
(6681, 30)
(6913, 10)
(6921, 29)
(6961, 59)
(7049, 46)
(7225, 154)
(7241, 73)
(7281, 34)
(7705, 145)
(7761, 18)
(7913, 18)
(7921, 27)
(7993, 39)
(8009, 20)
(8137, 23)
(8153, 64)
(8265, 40)
(4697, 173)
(1657, 108)
(41769, 35)
(8481, 50)
(2281, 60)
(3417, 231)
(3577, 186)
(721, 15)
(4897, 67)
(6665, 106)
(8025, 36)
(54193, 37)
(857, 27)
(4137, 47)
(7457, 33)
(49265, 16)
(47465, 125)
(825, 12)
(5889, 18)
(5465, 53)
(3817, 45)
(4761, 78)
(8121, 135)
(32009, 60)
(32657, 7)
(41721, 50)
(57353, 77)
(57865, 5)
(59105, 31)
(60289, 24)
(61289, 29)
(62049, 64)
(4353, 222)
(4609, 77)
(7313, 70)
(8017, 45)
(32329, 12)
(26985, 31)
(59369, 70)
(25929, 40)
(7289, 27)
(5161, 101)
(2233, 29)
(385, 80)
(3001, 47)
(5993, 133)
(6153, 166)
(26561, 50)
(3009, 15)
(6673, 21)
(4513, 45)
(2825, 42)
(777, 18)
(1001, 23)
(2225, 13)
(4689, 41)
(4785, 45)
(8657, 34)
(8921, 39)
(8257, 34)
(25841, 67)
(25937, 84)
(4769, 136)
(34129, 40)
(7417, 52)
(5089, 15)
(32593, 19)
(5513, 76)
(56001, 47)
(2537, 176)
(4665, 177)
(9017, 13)
(44633, 94)
(32369, 48)
(7753, 47)
(1433, 42)
(8385, 67)
(7249, 53)
(2737, 80)
(4505, 99)
(4593, 173)
(53769, 19)
(62137, 14)
(41425, 29)
(8273, 79)
(8705, 20)
(32385, 24)
(2465, 138)
(4289, 67)
(2489, 13)
(8889, 26)
(26841, 37)
(30977, 15)
(4097, 82)
(2257, 79)
(5441, 19)
(5753, 28)
(6089, 12)
(7185, 47)
(62849, 34)
(1817, 47)
(1313, 73)
(2777, 45)
(7041, 78)
(59065, 13)
(3913, 81)
(5249, 44)
(6353, 18)
(8761, 39)
(25961, 44)
(6169, 61)
(625, 17)
(657, 25)
(8697, 8)
(63033, 31)
(4953, 40)
(26249, 76)
(26289, 23)
(31785, 23)
(60161, 159)
(63329, 13)
(8425, 32)
(59721, 31)
(9001, 34)
(545, 34)
(5129, 21)
(8521, 121)
(4209, 87)
(3625, 46)
(1137, 41)
(5153, 35)
(8505, 31)
(27833, 67)
(3561, 1)
(5369, 43)
(4841, 56)
(7409, 4)
(4185, 66)
(3657, 13)
(6649, 37)
(6937, 14)
(5929, 28)
(56945, 34)
(4145, 11)
(4657, 48)
(5697, 39)
(5713, 4)
(6009, 30)
(6465, 12)
(6505, 38)
(6801, 29)
(7953, 8)
(8801, 31)
(26241, 30)
(30745, 20)
(31737, 38)
(44777, 8)
(59129, 10)
(1577, 17)
(61697, 54)
(61705, 20)
(8777, 13)
(601, 74)
(6113, 13)
(8585, 49)
(3737, 104)
(4049, 48)
(8929, 56)
(32049, 18)
(34065, 23)
(52321, 65)
(3345, 75)
(3233, 7)
(5145, 72)
(8649, 30)
(8729, 13)
(27857, 8)
(26313, 59)
(6329, 60)
(401, 14)
(5233, 55)
(6105, 82)
(6585, 33)
(4913, 26)
(6745, 32)
(6825, 40)
(7273, 13)
(7945, 11)
(8673, 7)
(8769, 29)
(8857, 9)
(8897, 7)
(26465, 30)
(32617, 26)
(8625, 10)
(40337, 19)
(4825, 17)
(6081, 9)
(8993, 20)
(26521, 39)
(5201, 25)
(63273, 8)
(5209, 29)
(4449, 14)
(61961, 11)
(32361, 10)
(60393, 3)
(6553, 7)
(7521, 23)
(3321, 8)
(25865, 75)
(8713, 93)
(7393, 24)
(6833, 9)
(7625, 24)
(3137, 79)
(8793, 25)
(1561, 29)
(6073, 10)
(25825, 63)
(25905, 13)
(47721, 52)
(6065, 53)
(6449, 28)
(34177, 34)
(26577, 26)
(5393, 16)
(40817, 41)
(8721, 20)
(5057, 29)
(6145, 14)
(6905, 25)
(32625, 20)
(8465, 7)
(26113, 7)
(26265, 7)
(26345, 10)
(26497, 23)
(33113, 6)
(33905, 7)
(39369, 7)
(42681, 10)
(47049, 7)
(51857, 17)
(61729, 94)
(62153, 6)
(63121, 7)
(3297, 5)
(5257, 2)
(8041, 7)
(1553, 22)
(4817, 29)
(7097, 25)
(7113, 15)
(26681, 27)
(1849, 29)
(4481, 46)
(31545, 2)
(6097, 6)
(5473, 30)
(44889, 42)
(61401, 10)
(6529, 7)
(3209, 9)
(3337, 6)
(3377, 25)
(4385, 13)
(1065, 13)
(977, 5)
(63393, 13)
(8577, 27)
(6737, 15)
(36553, 12)
(7129, 9)
(26185, 4)
(61937, 6)
(27841, 12)
(4937, 42)
(5185, 41)
(5281, 14)
(6417, 28)
(53737, 28)
(7329, 15)
(5897, 4)
(6601, 47)
(60137, 13)
(4905, 8)
(7401, 12)
(27537, 7)
(8817, 9)
(56633, 11)
(7081, 27)
(44073, 23)
(6369, 15)
(26225, 9)
(8681, 16)
(7985, 5)
(34185, 8)
(25977, 15)
(5793, 7)
(5273, 15)
(1697, 13)
(3601, 19)
(5545, 18)
(5921, 12)
(5953, 28)
(6137, 7)
(8393, 22)
(34353, 17)
(39425, 4)
(3193, 4)
(7233, 3)
(6489, 4)
(6633, 5)
(61257, 4)
(36545, 9)
(8329, 7)
(3369, 8)
(4057, 9)
(40833, 1)
(60745, 4)
(7441, 2)
(33641, 6)
(40969, 8)
(32825, 6)
(33321, 17)
(8881, 20)
(54505, 11)
(52545, 14)
(52561, 4)
(6393, 4)
(53833, 1)
(7145, 2)
(7337, 12)
(61473, 4)
(6865, 9)
(2601, 7)
(1705, 11)
(34473, 4)
(62553, 11)
(59625, 1)
(6929, 2)
(49817, 6)
(8457, 4)
(55417, 8)
(2217, 3)
(25737, 4)
(65001, 2)
(62721, 3)
(5849, 3)
(64993, 2)
(62385, 3)
(64321, 2)
(52929, 7)
(64273, 3)
(62729, 2)
(60201, 8)
(58185, 1)
(62577, 3)
(6209, 4)
(8737, 3)
(7825, 3)
(34193, 5)
(8953, 4)
(47601, 3)
(31577, 7)
(26049, 3)
(32345, 12)
(7105, 5)
(62265, 3)
(63793, 4)
(9009, 3)
(8545, 2)
(26073, 4)
(52865, 1)
(61913, 1)
(51209, 1)
(4457, 3)
(6697, 2)
(63617, 2)
(8945, 2)
(64921, 2)
(48649, 1)
(57473, 3)
(64897, 1)
(65025, 1)
(64953, 1)
(7537, 1)
(63481, 2)
