(292, 16075)
(316, 18925)
(356, 34457)
(364, 20972)
(420, 9036)
(588, 23531)
(260, 28566)
(780, 26042)
(1356, 11375)
(1148, 7932)
(1252, 8211)
(1276, 6049)
(1564, 172)
(3684, 1115)
(380, 25381)
(500, 19214)
(28, 1828)
(52, 5887)
(308, 2994)
(348, 5076)
(412, 2781)
(508, 11246)
(532, 3683)
(708, 9604)
(1172, 4698)
(1244, 4238)
(1300, 2173)
(1196, 23091)
(1396, 7424)
(1580, 18523)
(1748, 6044)
(2028, 18924)
(2396, 14121)
(2628, 15744)
(3740, 2591)
(3996, 13112)
(908, 8402)
(1212, 3265)
(1260, 2143)
(1284, 2980)
(1348, 1900)
(1732, 9627)
(2804, 7065)
(3044, 2388)
(4420, 100)
(5292, 1142)
(5300, 191)
(5388, 3245)
(5500, 1341)
(36, 12689)
(164, 2824)
(172, 7473)
(180, 4578)
(196, 7796)
(324, 303)
(372, 4661)
(540, 3029)
(548, 1802)
(836, 2823)
(996, 2002)
(1004, 977)
(1020, 3424)
(1036, 15790)
(1060, 5686)
(1092, 6109)
(1100, 2958)
(1188, 4429)
(1204, 6773)
(1220, 10992)
(1268, 1932)
(1380, 8689)
(1388, 2495)
(1500, 8380)
(1556, 2851)
(1588, 2116)
(1620, 2506)
(1644, 3783)
(1676, 8491)
(1772, 1446)
(1876, 6342)
(2004, 2439)
(2012, 10513)
(2052, 1161)
(2060, 1288)
(2100, 6697)
(2124, 4236)
(2140, 4158)
(2268, 8474)
(2340, 2731)
(2380, 1478)
(2412, 1858)
(2428, 2990)
(2524, 1211)
(2540, 669)
(2548, 483)
(2572, 5248)
(2700, 9649)
(2772, 1104)
(2796, 825)
(2916, 11479)
(2948, 3663)
(3020, 3278)
(3052, 8425)
(3156, 1845)
(3268, 1066)
(3300, 3616)
(3316, 1396)
(3324, 652)
(3452, 2169)
(3484, 1273)
(3564, 780)
(3764, 607)
(3948, 8012)
(3988, 2865)
(4084, 2194)
(4092, 244)
(4372, 700)
(4396, 965)
(4452, 605)
(4572, 636)
(4580, 301)
(4636, 316)
(4756, 455)
(4844, 1341)
(4980, 1866)
(5476, 306)
(5556, 348)
(6156, 1309)
(6548, 1298)
(6564, 1380)
(6708, 2437)
(6796, 1880)
(6812, 225)
(6996, 618)
(7004, 1680)
(7076, 753)
(7308, 179)
(7324, 791)
(7348, 473)
(8340, 1077)
(8636, 6984)
(8644, 3837)
(8860, 633)
(8972, 1850)
(4, 1764)
(236, 7360)
(1132, 1782)
(1228, 5023)
(2020, 4303)
(2076, 4506)
(2420, 4212)
(2852, 687)
(3068, 1381)
(1028, 7714)
(2620, 158)
(2716, 15453)
(2908, 4112)
(20, 2463)
(924, 13061)
(1324, 154)
(2764, 1505)
(2900, 574)
(4276, 421)
(4748, 451)
(524, 4064)
(4308, 5818)
(4700, 1316)
(7164, 574)
(7380, 348)
(7444, 965)
(33836, 561)
(2116, 2837)
(1892, 2411)
(3476, 2555)
(3516, 558)
(6316, 283)
(252, 6212)
(276, 3428)
(300, 12726)
(788, 10901)
(2404, 1899)
(2476, 1269)
(2676, 1222)
(2724, 4302)
(3108, 4311)
(3252, 3656)
(3396, 3640)
(3868, 3670)
(4148, 3479)
(5452, 1179)
(5524, 662)
(204, 5026)
(596, 7100)
(916, 3033)
(1124, 2792)
(5060, 7605)
(852, 6439)
(12, 2262)
(100, 2640)
(628, 6579)
(3404, 972)
(3884, 158)
(3908, 658)
(3956, 385)
(3972, 1606)
(92, 1425)
(116, 588)
(932, 1157)
(828, 926)
(1084, 5651)
(44, 5952)
(132, 1338)
(188, 1527)
(516, 2196)
(724, 4557)
(748, 3292)
(1340, 1283)
(1372, 6402)
(1468, 696)
(1756, 291)
(2092, 929)
(2500, 593)
(2660, 539)
(2812, 201)
(2860, 976)
(2996, 457)
(3004, 1000)
(3100, 3018)
(3180, 225)
(3940, 60)
(3980, 1693)
(2580, 4784)
(2692, 8936)
(3556, 3201)
(700, 763)
(1884, 3360)
(2036, 617)
(4228, 894)
(5572, 868)
(5620, 1602)
(5956, 3358)
(6012, 233)
(6188, 2598)
(6220, 281)
(33164, 287)
(3508, 1682)
(5244, 168)
(140, 3202)
(3844, 1738)
(5108, 821)
(5364, 955)
(6612, 201)
(8836, 245)
(8916, 386)
(45668, 424)
(428, 2713)
(804, 1438)
(900, 1763)
(2108, 4157)
(2316, 1386)
(2468, 1831)
(3436, 468)
(3604, 328)
(1604, 466)
(2324, 8842)
(2532, 1187)
(3932, 854)
(1972, 802)
(55276, 954)
(492, 1861)
(1684, 382)
(1836, 954)
(1948, 846)
(2204, 414)
(2212, 726)
(2436, 845)
(2612, 607)
(2708, 342)
(2788, 2997)
(2940, 547)
(3148, 3643)
(3260, 1811)
(3580, 119)
(4036, 1410)
(4932, 373)
(8132, 1178)
(25996, 67)
(26116, 94)
(39292, 1718)
(49932, 220)
(2492, 520)
(3060, 3096)
(2372, 1140)
(5276, 70)
(5308, 1659)
(4388, 1808)
(940, 2171)
(2356, 713)
(3140, 59)
(3468, 2075)
(3676, 1232)
(3812, 1185)
(4356, 774)
(4404, 122)
(4628, 379)
(5348, 300)
(5796, 397)
(6100, 250)
(7116, 426)
(7132, 713)
(7212, 156)
(7700, 261)
(8228, 1226)
(8596, 582)
(8620, 127)
(8980, 27)
(25788, 283)
(25940, 157)
(30812, 2522)
(32316, 30)
(44972, 471)
(48516, 4145)
(76, 2068)
(692, 594)
(892, 870)
(1660, 757)
(1956, 2574)
(2132, 1668)
(2644, 1144)
(2732, 898)
(2988, 443)
(3028, 585)
(156, 1040)
(612, 1039)
(1012, 2039)
(1292, 3535)
(1476, 3439)
(2188, 1351)
(60, 3344)
(444, 819)
(468, 4495)
(572, 25)
(1460, 502)
(1812, 133)
(2236, 1064)
(2284, 224)
(2300, 3410)
(2972, 300)
(3036, 705)
(3700, 670)
(1484, 673)
(1844, 333)
(50068, 795)
(53956, 334)
(55820, 2411)
(1508, 129)
(3204, 808)
(39052, 241)
(332, 1300)
(452, 786)
(1916, 1755)
(3836, 1212)
(4788, 160)
(5468, 66)
(5876, 1053)
(5932, 122)
(6620, 1861)
(7020, 202)
(7084, 473)
(7156, 1173)
(7236, 196)
(7620, 123)
(5444, 2276)
(5900, 828)
(33004, 2484)
(48780, 2808)
(53996, 1509)
(54796, 140)
(3444, 954)
(3916, 3683)
(4132, 1086)
(4876, 942)
(5804, 454)
(8372, 490)
(2956, 573)
(3076, 366)
(33660, 1694)
(52604, 523)
(340, 962)
(948, 1004)
(2180, 319)
(3196, 1588)
(3308, 720)
(3524, 1686)
(3548, 795)
(3724, 505)
(2252, 990)
(4508, 816)
(32076, 55)
(68, 798)
(2924, 1073)
(7044, 713)
(124, 207)
(268, 491)
(1180, 326)
(1236, 556)
(1404, 438)
(3340, 158)
(212, 266)
(820, 37)
(2348, 1427)
(2364, 449)
(3092, 90)
(1788, 444)
(2596, 800)
(4116, 308)
(4220, 669)
(4292, 690)
(4620, 132)
(1924, 1368)
(3780, 80)
(4212, 361)
(5604, 219)
(7060, 423)
(7836, 499)
(8580, 194)
(27812, 38)
(55052, 723)
(4564, 622)
(5316, 637)
(5540, 856)
(44004, 379)
(2828, 553)
(4020, 1441)
(4052, 1084)
(5220, 693)
(4124, 683)
(564, 202)
(764, 391)
(1668, 179)
(1692, 63)
(1804, 446)
(1980, 583)
(2148, 693)
(2836, 782)
(2868, 248)
(3708, 812)
(460, 557)
(3284, 136)
(3388, 1144)
(3596, 194)
(3668, 1526)
(4012, 357)
(4204, 82)
(4340, 745)
(4516, 163)
(4540, 70)
(4676, 454)
(4732, 437)
(4812, 458)
(4988, 47)
(5140, 145)
(5172, 246)
(5428, 199)
(5460, 340)
(6044, 77)
(6116, 104)
(6204, 120)
(6348, 102)
(6820, 402)
(876, 183)
(4444, 310)
(5356, 37)
(5508, 675)
(6140, 99)
(6748, 134)
(6772, 228)
(7124, 129)
(7364, 226)
(7636, 108)
(7812, 217)
(7892, 50)
(25764, 58)
(27700, 225)
(30820, 478)
(46972, 773)
(47044, 587)
(53972, 1200)
(2460, 452)
(6764, 747)
(7708, 227)
(8268, 237)
(2196, 198)
(5212, 94)
(3612, 95)
(35836, 3181)
(51540, 1147)
(2892, 89)
(4964, 65)
(5092, 352)
(5636, 150)
(84, 95)
(148, 237)
(476, 158)
(580, 378)
(972, 66)
(988, 345)
(1412, 182)
(1596, 317)
(1940, 404)
(1964, 1381)
(2276, 238)
(2844, 353)
(3124, 99)
(3756, 153)
(4028, 218)
(4268, 149)
(4300, 101)
(5380, 1066)
(5420, 866)
(5668, 561)
(5812, 1224)
(5996, 27)
(6324, 54)
(6484, 423)
(6892, 85)
(6932, 626)
(8532, 250)
(3292, 55)
(27660, 1002)
(31660, 266)
(6380, 914)
(7564, 126)
(33564, 78)
(3788, 879)
(964, 221)
(3628, 211)
(4692, 208)
(5836, 169)
(6852, 450)
(7396, 192)
(3420, 609)
(5076, 219)
(5772, 386)
(26492, 162)
(6828, 38)
(32460, 56)
(3732, 238)
(860, 239)
(668, 406)
(1572, 282)
(2932, 697)
(3364, 573)
(4236, 82)
(4252, 77)
(4332, 231)
(4380, 595)
(4644, 329)
(4708, 128)
(4780, 84)
(5028, 69)
(5068, 82)
(5236, 41)
(5268, 88)
(5404, 291)
(5516, 167)
(5788, 165)
(6212, 614)
(6268, 266)
(6412, 170)
(6460, 245)
(6540, 26)
(6556, 13)
(6668, 183)
(6780, 272)
(7172, 30)
(7260, 89)
(7460, 534)
(7748, 105)
(7764, 28)
(7820, 176)
(7924, 195)
(7940, 58)
(8724, 93)
(8732, 50)
(8740, 44)
(8772, 215)
(8852, 35)
(27772, 327)
(27820, 132)
(31956, 71)
(34148, 122)
(34164, 142)
(1116, 104)
(1364, 53)
(2068, 949)
(3276, 188)
(3852, 1080)
(3876, 29)
(4612, 347)
(4868, 49)
(5692, 125)
(5820, 264)
(6300, 100)
(7028, 358)
(7844, 175)
(8492, 368)
(26172, 135)
(31420, 508)
(32596, 583)
(34332, 389)
(40412, 117)
(40732, 589)
(49132, 129)
(53460, 205)
(58492, 46)
(2516, 247)
(3716, 142)
(5740, 64)
(6308, 273)
(1900, 369)
(7756, 126)
(8012, 270)
(8484, 16)
(26012, 40)
(32892, 79)
(4100, 125)
(1068, 171)
(3572, 215)
(2084, 597)
(6508, 68)
(27604, 137)
(27788, 479)
(31804, 451)
(36708, 597)
(39444, 535)
(41716, 569)
(44828, 282)
(45852, 49)
(46572, 73)
(46948, 397)
(50796, 59)
(50804, 252)
(53004, 48)
(53468, 123)
(2292, 103)
(3244, 891)
(2876, 216)
(4068, 428)
(5564, 345)
(6732, 254)
(7228, 366)
(2748, 570)
(6676, 45)
(27020, 182)
(6252, 302)
(2780, 259)
(388, 350)
(436, 733)
(1636, 60)
(1932, 162)
(2668, 899)
(3132, 83)
(3492, 50)
(4492, 454)
(4532, 214)
(5012, 317)
(5412, 53)
(5596, 147)
(5852, 98)
(6180, 68)
(6396, 47)
(6724, 625)
(6804, 30)
(7012, 132)
(7036, 562)
(8196, 92)
(8884, 209)
(3964, 320)
(3412, 583)
(556, 732)
(2884, 192)
(3188, 204)
(3428, 206)
(4428, 158)
(4836, 108)
(5644, 247)
(5940, 261)
(6356, 216)
(6428, 384)
(6436, 416)
(6684, 89)
(7572, 272)
(8932, 44)
(8948, 461)
(32116, 108)
(43396, 525)
(45028, 376)
(57532, 144)
(6636, 505)
(7716, 70)
(4852, 113)
(3500, 446)
(4828, 47)
(6244, 184)
(1156, 19)
(5436, 59)
(7092, 69)
(51084, 456)
(34532, 480)
(1444, 82)
(51884, 202)
(64716, 40)
(2164, 116)
(5580, 89)
(1428, 204)
(26828, 46)
(220, 172)
(3804, 103)
(3588, 126)
(4468, 119)
(4956, 410)
(5036, 128)
(1996, 645)
(2756, 145)
(4108, 61)
(4772, 136)
(4972, 99)
(5180, 61)
(5548, 557)
(5860, 20)
(7068, 100)
(7284, 72)
(7980, 568)
(484, 430)
(1332, 476)
(59900, 265)
(1076, 197)
(3892, 166)
(4916, 307)
(2388, 104)
(7484, 240)
(43460, 221)
(4164, 156)
(49396, 330)
(54004, 298)
(56156, 263)
(56788, 661)
(61132, 588)
(1612, 282)
(8604, 388)
(4476, 187)
(6060, 296)
(7372, 111)
(8868, 59)
(42004, 505)
(45732, 360)
(48412, 209)
(49772, 304)
(52668, 83)
(53988, 66)
(54780, 115)
(1516, 298)
(1860, 303)
(55908, 305)
(5684, 113)
(3620, 166)
(5700, 33)
(8796, 246)
(44204, 308)
(6988, 63)
(8188, 74)
(26052, 79)
(5764, 95)
(42732, 126)
(52644, 166)
(43708, 178)
(47644, 314)
(54612, 37)
(4484, 145)
(5780, 209)
(7300, 131)
(5324, 359)
(4524, 229)
(8404, 215)
(5980, 108)
(6868, 258)
(7204, 28)
(26148, 69)
(44788, 316)
(59404, 29)
(3372, 204)
(6580, 6)
(2452, 59)
(6228, 101)
(6452, 140)
(25868, 63)
(956, 215)
(5004, 349)
(5652, 29)
(6980, 56)
(58972, 50)
(4900, 143)
(228, 290)
(7828, 8)
(8700, 45)
(25908, 18)
(25916, 42)
(54276, 140)
(5100, 65)
(1044, 333)
(43836, 305)
(6884, 193)
(4284, 107)
(6124, 86)
(108, 85)
(796, 30)
(812, 20)
(2244, 62)
(980, 80)
(47516, 44)
(31364, 135)
(43684, 79)
(49220, 218)
(4588, 90)
(6628, 92)
(7292, 70)
(31724, 77)
(868, 53)
(6196, 288)
(6284, 29)
(6948, 75)
(32300, 91)
(40148, 154)
(31116, 161)
(37380, 495)
(51412, 320)
(54268, 13)
(38388, 94)
(43556, 82)
(8260, 43)
(54372, 57)
(58156, 172)
(58964, 7)
(60756, 179)
(36276, 347)
(4436, 87)
(5588, 152)
(5732, 223)
(6332, 244)
(8764, 2)
(3924, 43)
(2964, 127)
(6020, 45)
(7316, 180)
(732, 153)
(2260, 177)
(3660, 386)
(1780, 87)
(844, 113)
(1436, 46)
(2308, 24)
(7340, 158)
(2820, 212)
(4188, 218)
(4556, 33)
(5372, 137)
(5396, 46)
(6516, 147)
(6660, 174)
(7916, 49)
(8676, 45)
(716, 193)
(6132, 37)
(5164, 66)
(2172, 61)
(27340, 40)
(55292, 33)
(26084, 325)
(5204, 27)
(652, 51)
(27828, 46)
(54116, 34)
(3652, 62)
(7052, 19)
(5828, 14)
(47124, 103)
(2044, 191)
(25828, 108)
(33036, 84)
(51660, 51)
(55444, 271)
(56508, 51)
(7220, 54)
(5612, 194)
(6788, 60)
(6596, 250)
(52460, 97)
(58876, 61)
(4500, 181)
(8092, 36)
(9004, 202)
(4140, 46)
(5084, 26)
(5148, 29)
(48596, 82)
(55284, 140)
(60516, 50)
(2444, 46)
(4668, 25)
(5628, 281)
(50356, 19)
(8524, 34)
(8692, 27)
(8908, 395)
(62644, 4)
(4172, 13)
(6860, 46)
(8380, 34)
(1420, 51)
(49284, 112)
(4076, 25)
(4804, 88)
(636, 21)
(5532, 86)
(32124, 26)
(60948, 11)
(1988, 181)
(6036, 63)
(4316, 172)
(8332, 50)
(8956, 57)
(27876, 68)
(3692, 177)
(4412, 76)
(5660, 63)
(5916, 70)
(6004, 7)
(6092, 85)
(6148, 42)
(6172, 20)
(6404, 42)
(6500, 33)
(6532, 21)
(6604, 14)
(6644, 35)
(6844, 54)
(6908, 14)
(6964, 31)
(7108, 40)
(7244, 25)
(7644, 4)
(7772, 10)
(7900, 21)
(7948, 27)
(8004, 23)
(8044, 138)
(8068, 7)
(8220, 7)
(8236, 20)
(8252, 14)
(7492, 48)
(34292, 47)
(5284, 137)
(2332, 92)
(43932, 102)
(4244, 40)
(6700, 29)
(6492, 25)
(27644, 13)
(7988, 58)
(27636, 25)
(47836, 15)
(8988, 51)
(38188, 67)
(2484, 10)
(660, 83)
(756, 73)
(772, 22)
(884, 41)
(7884, 66)
(6164, 11)
(8364, 185)
(8540, 28)
(32668, 27)
(49524, 53)
(54284, 9)
(55116, 58)
(55732, 92)
(52356, 30)
(8460, 67)
(244, 165)
(64620, 49)
(42900, 55)
(49276, 71)
(2604, 18)
(7932, 207)
(8748, 18)
(30892, 84)
(31588, 19)
(62956, 141)
(6388, 29)
(33644, 56)
(5884, 39)
(8652, 8)
(6084, 50)
(6468, 69)
(6900, 96)
(4796, 56)
(6524, 67)
(4652, 132)
(5988, 81)
(1652, 43)
(26476, 119)
(6476, 113)
(7420, 29)
(63876, 69)
(4884, 67)
(3796, 89)
(6876, 32)
(42740, 59)
(1820, 40)
(26700, 84)
(2740, 45)
(6652, 76)
(8292, 27)
(6260, 96)
(7580, 61)
(31700, 77)
(37844, 35)
(5332, 30)
(3636, 37)
(3820, 122)
(55020, 63)
(55100, 20)
(1164, 82)
(8516, 89)
(8612, 72)
(26404, 9)
(59604, 37)
(4548, 31)
(2156, 39)
(1308, 17)
(7148, 34)
(2652, 144)
(8892, 20)
(1532, 38)
(26564, 50)
(3748, 19)
(6572, 33)
(8588, 68)
(8780, 24)
(43908, 43)
(8788, 20)
(8828, 18)
(5044, 45)
(8924, 35)
(26124, 36)
(4460, 16)
(620, 22)
(644, 9)
(676, 21)
(684, 14)
(5340, 62)
(5716, 9)
(6076, 32)
(8900, 28)
(4004, 17)
(4348, 19)
(7276, 24)
(63436, 40)
(3012, 49)
(4996, 120)
(6340, 7)
(63836, 3)
(64508, 15)
(3116, 34)
(3540, 88)
(33188, 30)
(56908, 21)
(52724, 60)
(54732, 128)
(4044, 30)
(7724, 33)
(4860, 36)
(2636, 48)
(4740, 66)
(1140, 22)
(4892, 29)
(7388, 41)
(8996, 19)
(31260, 67)
(1052, 29)
(1316, 32)
(4908, 28)
(5484, 61)
(8684, 97)
(26788, 53)
(27316, 30)
(34540, 68)
(1908, 30)
(2556, 29)
(6292, 8)
(3900, 94)
(7356, 8)
(5924, 44)
(8756, 15)
(4660, 65)
(5868, 49)
(5188, 27)
(26388, 29)
(396, 18)
(1852, 9)
(3348, 15)
(4196, 35)
(4764, 32)
(4948, 12)
(5132, 5)
(5908, 20)
(6940, 20)
(8628, 7)
(25900, 17)
(26996, 12)
(27884, 12)
(31060, 6)
(32060, 13)
(32084, 32)
(55492, 14)
(56700, 13)
(58332, 36)
(61692, 3)
(62788, 10)
(64900, 6)
(8388, 18)
(6052, 10)
(40988, 48)
(57476, 21)
(4716, 48)
(6108, 15)
(47940, 16)
(2564, 14)
(4180, 46)
(3172, 27)
(4324, 39)
(5196, 31)
(5756, 24)
(5892, 20)
(6924, 34)
(7412, 6)
(8716, 16)
(8876, 11)
(30996, 31)
(4596, 26)
(3772, 17)
(7140, 3)
(5964, 33)
(5228, 36)
(6692, 43)
(46772, 89)
(4060, 62)
(7100, 16)
(32988, 27)
(4156, 38)
(4260, 30)
(6588, 30)
(6756, 74)
(3228, 14)
(6236, 40)
(3860, 45)
(6028, 17)
(8124, 22)
(4940, 24)
(25924, 16)
(33124, 37)
(1524, 14)
(5116, 33)
(4724, 12)
(26228, 4)
(31900, 5)
(404, 55)
(3644, 42)
(8148, 2)
(8660, 17)
(6740, 42)
(1796, 26)
(2220, 15)
(27564, 36)
(5972, 30)
(27716, 18)
(56060, 22)
(3380, 20)
(7180, 14)
(7196, 22)
(26524, 25)
(32844, 8)
(47148, 14)
(26796, 29)
(31628, 6)
(6276, 30)
(32156, 8)
(8572, 23)
(33340, 6)
(33148, 16)
(284, 26)
(1548, 22)
(3212, 11)
(4604, 14)
(4684, 36)
(4924, 29)
(5124, 30)
(5492, 23)
(6068, 18)
(5156, 16)
(604, 4)
(5748, 8)
(61724, 5)
(8844, 40)
(47956, 30)
(61348, 40)
(60524, 6)
(25964, 2)
(27620, 6)
(45412, 4)
(60484, 3)
(1628, 26)
(5020, 11)
(7268, 13)
(7404, 5)
(26676, 10)
(26812, 13)
(40964, 16)
(44844, 24)
(62972, 4)
(6916, 12)
(4364, 4)
(7332, 22)
(7252, 41)
(5260, 8)
(5052, 14)
(2684, 17)
(8820, 18)
(3220, 6)
(8140, 25)
(31156, 19)
(59908, 36)
(7188, 27)
(63540, 12)
(3236, 13)
(6956, 8)
(9012, 6)
(26364, 13)
(5948, 15)
(8668, 5)
(2980, 10)
(31004, 6)
(8452, 11)
(56028, 5)
(1708, 12)
(3084, 14)
(2508, 6)
(5708, 15)
(5724, 14)
(6420, 7)
(6716, 20)
(8964, 21)
(2588, 8)
(49644, 5)
(8804, 15)
(1716, 19)
(1724, 17)
(3828, 4)
(5252, 6)
(63828, 2)
(58652, 15)
(32620, 13)
(1740, 8)
(31148, 13)
(55156, 10)
(54196, 16)
(55620, 7)
(57484, 5)
(5844, 8)
(6836, 5)
(6972, 13)
(33132, 7)
(39412, 1)
(58084, 5)
(60044, 4)
(60284, 2)
(8812, 6)
(51372, 6)
(57964, 7)
(7452, 1)
(8708, 3)
(41564, 5)
(42556, 6)
(8940, 3)
(56748, 2)
(2228, 4)
(1764, 9)
(63676, 5)
(62836, 12)
(3356, 1)
(53476, 2)
(32444, 4)
(55668, 4)
(63276, 2)
(63332, 1)
(59684, 4)
(26868, 4)
(27740, 1)
(31188, 4)
(61628, 2)
(61948, 1)
(5676, 2)
(27436, 6)
(3332, 3)
(61236, 5)
(62660, 1)
(64116, 3)
(55844, 5)
(33140, 1)
(3164, 5)
(62796, 6)
(62916, 3)
(63788, 2)
(63468, 2)
(55324, 1)
(62764, 2)
(3460, 2)
(58564, 2)
(63772, 3)
(31692, 2)
(4820, 1)
(26612, 2)
(59044, 2)
(64652, 1)
