(589, 28948)
(733, 17964)
(213, 1143)
(1597, 5769)
(4677, 1308)
(8533, 1194)
(27821, 875)
(21, 14802)
(165, 19603)
(253, 16056)
(317, 9827)
(349, 18327)
(597, 19229)
(85, 1732)
(141, 13426)
(477, 2863)
(509, 10585)
(541, 15471)
(1221, 13281)
(1197, 16520)
(1277, 2523)
(1573, 10436)
(1629, 571)
(1653, 9437)
(2405, 3415)
(4053, 199)
(101, 2226)
(1245, 3109)
(1333, 5955)
(1517, 12009)
(1805, 4066)
(1917, 11046)
(3365, 1098)
(5, 7135)
(93, 1165)
(173, 8794)
(293, 13042)
(357, 16523)
(413, 3255)
(637, 3398)
(741, 3549)
(1037, 3997)
(1061, 4641)
(1093, 4052)
(1101, 11331)
(1125, 2940)
(1253, 3239)
(1261, 3952)
(1285, 6027)
(1373, 4010)
(1405, 4644)
(1429, 2114)
(1717, 3565)
(1973, 808)
(2005, 5244)
(2013, 3083)
(2021, 4805)
(2117, 1746)
(2253, 2133)
(2269, 1634)
(2325, 927)
(2389, 1491)
(2541, 4368)
(2549, 950)
(2581, 3763)
(2701, 5909)
(2717, 4112)
(2805, 2494)
(2893, 319)
(2949, 3629)
(2989, 2239)
(2997, 13871)
(3005, 3360)
(3101, 5457)
(3253, 7281)
(3261, 1689)
(3301, 3354)
(3477, 1523)
(3701, 1367)
(3717, 4861)
(3821, 1411)
(3973, 811)
(3981, 1905)
(3997, 1118)
(4085, 5352)
(4621, 1859)
(4701, 2871)
(5093, 800)
(5293, 1401)
(5349, 10745)
(5445, 11038)
(5501, 349)
(5541, 1457)
(5573, 303)
(5621, 807)
(5669, 6127)
(6157, 2392)
(6333, 7312)
(6365, 7646)
(6373, 3847)
(6541, 2206)
(6709, 1548)
(6957, 1692)
(7101, 537)
(7173, 1184)
(7293, 2164)
(7325, 1676)
(7373, 2527)
(7381, 436)
(7445, 1948)
(7573, 441)
(7781, 216)
(8493, 811)
(8861, 1008)
(2797, 10788)
(3429, 1381)
(38061, 1709)
(613, 1443)
(1173, 1762)
(1213, 13188)
(1293, 5140)
(1381, 2086)
(2397, 111)
(2917, 2227)
(1077, 3845)
(1909, 6497)
(1997, 7101)
(2565, 2006)
(3061, 925)
(2413, 2296)
(3053, 1583)
(325, 669)
(661, 5626)
(973, 552)
(1589, 2974)
(2301, 2298)
(2469, 2241)
(3173, 2127)
(3693, 654)
(3861, 1494)
(4029, 1807)
(4493, 201)
(4901, 2858)
(5309, 850)
(333, 6002)
(837, 2722)
(1029, 4661)
(2125, 2963)
(8869, 152)
(31221, 557)
(33085, 318)
(33493, 5193)
(33669, 311)
(29, 4424)
(941, 592)
(965, 1949)
(5213, 190)
(45, 5652)
(485, 7624)
(805, 6771)
(1005, 1128)
(1485, 9222)
(2053, 2429)
(2605, 4283)
(3525, 1116)
(4069, 1924)
(7701, 801)
(13, 760)
(261, 5937)
(277, 4956)
(421, 1048)
(469, 811)
(653, 8551)
(709, 1405)
(765, 2642)
(829, 1094)
(1013, 2365)
(61, 1476)
(2141, 2377)
(2245, 2802)
(3885, 121)
(3893, 2733)
(3949, 5778)
(69, 2387)
(181, 1488)
(405, 2128)
(437, 1166)
(493, 2224)
(517, 2199)
(1357, 4715)
(1461, 1499)
(1581, 387)
(1645, 6169)
(1693, 2571)
(1797, 1174)
(1837, 303)
(1869, 274)
(2461, 244)
(2485, 2958)
(2501, 3823)
(2573, 204)
(2597, 278)
(2693, 1125)
(2725, 453)
(3165, 232)
(3213, 935)
(3269, 1804)
(3285, 2693)
(3421, 5998)
(3661, 203)
(3869, 2416)
(8917, 2110)
(2133, 2719)
(2429, 830)
(3397, 1439)
(4445, 67)
(5589, 185)
(5893, 546)
(5989, 7573)
(6213, 734)
(3565, 1029)
(4973, 9681)
(5957, 1235)
(6765, 748)
(6893, 1145)
(7285, 951)
(8949, 3546)
(8965, 610)
(30749, 3181)
(31685, 1577)
(41573, 433)
(605, 2070)
(205, 874)
(1021, 1817)
(1453, 961)
(1701, 1829)
(125, 2220)
(549, 918)
(2677, 1479)
(3125, 730)
(1269, 3717)
(1965, 3474)
(2533, 1848)
(3917, 1309)
(34405, 2467)
(40629, 1189)
(901, 883)
(909, 2679)
(933, 2631)
(949, 1236)
(1957, 3535)
(2069, 695)
(2205, 301)
(2333, 2862)
(2941, 1268)
(2973, 2237)
(3037, 2380)
(3341, 538)
(3405, 417)
(3629, 1025)
(3685, 1411)
(3813, 296)
(4037, 1083)
(4077, 438)
(4381, 401)
(4733, 709)
(5013, 3287)
(8781, 1301)
(33237, 34)
(34437, 1183)
(36517, 1568)
(41285, 1332)
(3157, 2528)
(5237, 436)
(1941, 503)
(2181, 606)
(2221, 94)
(2229, 5)
(4005, 1103)
(5397, 131)
(6429, 129)
(6573, 55)
(6581, 132)
(7013, 579)
(7581, 98)
(7933, 111)
(8125, 165)
(37741, 1590)
(41997, 1984)
(1525, 211)
(1885, 2760)
(2085, 3768)
(2349, 898)
(2877, 1033)
(3141, 342)
(581, 1156)
(1949, 1159)
(725, 973)
(381, 2963)
(533, 2423)
(877, 106)
(885, 386)
(1117, 140)
(1493, 136)
(2093, 1216)
(2109, 3591)
(2173, 514)
(2197, 90)
(2709, 1086)
(3117, 357)
(4317, 577)
(2357, 1396)
(56949, 320)
(373, 2270)
(861, 1619)
(2861, 1462)
(3197, 767)
(3461, 1466)
(32029, 553)
(33437, 659)
(229, 1534)
(1085, 801)
(1189, 1521)
(1301, 2151)
(3045, 530)
(3925, 574)
(4333, 1383)
(4349, 848)
(4485, 180)
(4605, 243)
(4981, 204)
(5693, 1463)
(5981, 225)
(6261, 46)
(6565, 2498)
(6645, 525)
(6773, 1472)
(7069, 144)
(7389, 115)
(9005, 145)
(26285, 161)
(501, 1090)
(4661, 650)
(917, 633)
(49957, 106)
(52973, 1586)
(1413, 246)
(2669, 305)
(2901, 1107)
(2421, 3158)
(4453, 103)
(8581, 467)
(59501, 309)
(157, 1575)
(237, 4062)
(3077, 569)
(3309, 80)
(3501, 569)
(3557, 416)
(3733, 936)
(4917, 62)
(1053, 129)
(8341, 271)
(32325, 25)
(565, 383)
(1237, 1980)
(1725, 94)
(2613, 891)
(2789, 758)
(2925, 422)
(3093, 826)
(3877, 721)
(4741, 494)
(117, 833)
(149, 701)
(301, 311)
(461, 584)
(781, 1235)
(869, 373)
(1365, 713)
(1541, 1320)
(7405, 46)
(453, 589)
(1533, 185)
(1661, 380)
(2589, 222)
(2829, 997)
(1389, 1159)
(2165, 625)
(3317, 3576)
(4589, 345)
(2453, 754)
(4117, 758)
(2285, 320)
(6125, 193)
(6725, 182)
(7925, 440)
(8253, 358)
(42197, 162)
(59141, 133)
(2517, 1259)
(4941, 945)
(7005, 318)
(7149, 1447)
(7757, 413)
(31101, 75)
(37733, 1620)
(6013, 319)
(31429, 43)
(44397, 358)
(1821, 992)
(3325, 561)
(4061, 720)
(4885, 289)
(1445, 845)
(1605, 550)
(1981, 688)
(2149, 401)
(3709, 385)
(3757, 45)
(3837, 219)
(429, 918)
(445, 1212)
(813, 299)
(2237, 243)
(2261, 667)
(2509, 102)
(2733, 189)
(3453, 370)
(3669, 228)
(3725, 250)
(3773, 422)
(4133, 777)
(4149, 1054)
(4221, 344)
(4229, 296)
(4293, 332)
(4477, 528)
(4509, 435)
(4525, 74)
(4613, 469)
(4725, 457)
(4821, 691)
(4909, 184)
(5053, 283)
(5077, 153)
(5101, 163)
(5125, 215)
(5245, 34)
(5357, 192)
(5421, 599)
(5437, 218)
(5885, 34)
(5941, 521)
(4437, 387)
(4557, 545)
(5477, 416)
(5797, 208)
(6197, 527)
(6301, 484)
(6461, 655)
(7845, 232)
(7893, 24)
(7981, 740)
(8501, 372)
(8589, 338)
(8957, 2177)
(26965, 84)
(27317, 479)
(27773, 1709)
(39381, 394)
(5597, 167)
(2629, 594)
(2381, 1437)
(8045, 221)
(4637, 112)
(4893, 126)
(8477, 241)
(60069, 1389)
(3581, 426)
(1757, 184)
(6669, 482)
(3357, 341)
(525, 111)
(621, 223)
(997, 155)
(1317, 197)
(1397, 399)
(1733, 348)
(1749, 62)
(1845, 1471)
(1893, 106)
(2029, 304)
(2341, 200)
(2437, 455)
(2493, 160)
(2837, 111)
(3181, 803)
(3189, 1050)
(4245, 56)
(4757, 757)
(4965, 217)
(5317, 25)
(5453, 154)
(5485, 319)
(5613, 429)
(5685, 445)
(7165, 156)
(8645, 1106)
(2621, 269)
(2661, 315)
(3645, 84)
(3741, 1038)
(4781, 43)
(5069, 219)
(6093, 514)
(53125, 1443)
(7493, 222)
(4021, 558)
(957, 154)
(2653, 129)
(4045, 67)
(5917, 25)
(8261, 136)
(47997, 514)
(5741, 44)
(3029, 501)
(757, 94)
(3133, 143)
(3221, 212)
(3293, 10)
(3533, 25)
(4205, 676)
(4237, 131)
(4389, 168)
(4405, 123)
(4645, 113)
(5269, 388)
(5333, 139)
(5365, 52)
(5517, 43)
(6021, 110)
(6229, 59)
(6597, 89)
(6757, 56)
(6869, 160)
(6885, 269)
(7301, 78)
(7349, 58)
(7365, 109)
(7461, 18)
(7485, 59)
(7621, 9)
(7749, 103)
(7941, 134)
(8093, 71)
(8157, 255)
(8197, 162)
(8365, 66)
(8373, 928)
(8405, 89)
(8813, 154)
(8973, 702)
(8981, 1650)
(25805, 81)
(27741, 302)
(31437, 187)
(50685, 378)
(51709, 283)
(893, 370)
(341, 268)
(1861, 78)
(2189, 107)
(2477, 193)
(2557, 83)
(5325, 492)
(8117, 104)
(27005, 67)
(31485, 76)
(37853, 181)
(46965, 672)
(47629, 841)
(52885, 244)
(53189, 94)
(54997, 1230)
(55253, 211)
(55765, 1389)
(55805, 365)
(57669, 706)
(5749, 180)
(3901, 458)
(4341, 237)
(4541, 460)
(4629, 193)
(5629, 178)
(5901, 113)
(6349, 98)
(5373, 101)
(7317, 719)
(26005, 40)
(42725, 255)
(56757, 913)
(45501, 543)
(3573, 102)
(3469, 1028)
(50189, 158)
(5949, 179)
(31445, 90)
(36509, 145)
(44197, 142)
(48877, 493)
(48997, 466)
(3765, 185)
(3549, 958)
(4517, 191)
(5117, 139)
(6325, 133)
(6341, 207)
(6533, 356)
(6685, 24)
(6877, 15)
(7045, 480)
(7437, 109)
(4565, 297)
(5493, 228)
(2373, 1037)
(55269, 682)
(4109, 243)
(1925, 188)
(3245, 87)
(3605, 142)
(4213, 226)
(4533, 560)
(4709, 353)
(5973, 7)
(6053, 30)
(7157, 106)
(32213, 189)
(33677, 116)
(43869, 116)
(45517, 1444)
(309, 297)
(389, 130)
(2365, 518)
(197, 78)
(269, 392)
(365, 1145)
(1669, 208)
(3069, 150)
(3597, 254)
(3677, 592)
(3957, 388)
(4285, 498)
(5221, 80)
(5869, 74)
(6413, 182)
(6477, 104)
(6813, 104)
(6965, 32)
(6989, 325)
(32149, 34)
(2445, 440)
(4189, 133)
(5021, 502)
(6101, 230)
(6549, 131)
(2965, 267)
(5853, 500)
(685, 355)
(2749, 353)
(6797, 338)
(8989, 118)
(3989, 285)
(573, 126)
(3749, 81)
(6077, 110)
(5469, 32)
(3909, 399)
(8485, 75)
(8941, 31)
(2885, 346)
(56885, 194)
(59333, 84)
(59725, 294)
(62293, 67)
(4125, 284)
(4397, 351)
(7117, 205)
(5109, 202)
(5389, 359)
(4789, 177)
(4837, 97)
(5733, 44)
(1565, 155)
(2741, 212)
(4669, 78)
(4957, 330)
(5709, 30)
(2077, 659)
(3109, 233)
(5781, 38)
(33781, 31)
(58293, 301)
(60037, 328)
(4573, 132)
(4693, 20)
(2525, 469)
(52245, 601)
(2757, 472)
(4197, 97)
(35957, 581)
(36525, 447)
(40581, 232)
(59037, 129)
(59421, 131)
(6493, 307)
(42021, 50)
(55069, 213)
(56333, 242)
(56941, 181)
(58381, 9)
(4501, 261)
(60293, 66)
(6237, 202)
(8221, 83)
(47261, 108)
(51077, 504)
(6981, 54)
(30701, 40)
(2045, 256)
(4845, 406)
(5525, 332)
(6221, 33)
(6909, 237)
(5341, 342)
(3653, 406)
(6789, 132)
(1341, 227)
(8789, 14)
(8797, 76)
(3941, 78)
(44709, 330)
(48741, 64)
(2765, 127)
(6997, 219)
(56805, 220)
(1477, 215)
(1621, 431)
(3013, 258)
(3445, 381)
(5085, 67)
(7061, 114)
(32853, 58)
(1069, 443)
(53, 91)
(5637, 278)
(4989, 265)
(6181, 86)
(6405, 207)
(6437, 32)
(8661, 114)
(26085, 175)
(2781, 199)
(4357, 432)
(5829, 129)
(1829, 174)
(4173, 31)
(4749, 283)
(5701, 32)
(8933, 125)
(1437, 189)
(1613, 165)
(2813, 82)
(6949, 42)
(77, 143)
(245, 164)
(717, 57)
(33621, 44)
(52717, 97)
(3797, 163)
(5677, 156)
(5285, 37)
(6005, 313)
(36477, 57)
(38701, 49)
(43917, 217)
(397, 55)
(5189, 49)
(4949, 109)
(50149, 45)
(189, 212)
(981, 139)
(2037, 257)
(6045, 63)
(27765, 12)
(3789, 358)
(4765, 287)
(6357, 255)
(46653, 23)
(51925, 207)
(60397, 178)
(701, 61)
(3333, 42)
(4853, 47)
(26269, 31)
(50005, 209)
(5909, 138)
(6653, 63)
(3853, 35)
(4165, 51)
(6269, 184)
(3965, 125)
(645, 209)
(1149, 41)
(5381, 49)
(1045, 34)
(1133, 69)
(1421, 123)
(5205, 94)
(2845, 28)
(6037, 61)
(6525, 137)
(6973, 89)
(7237, 33)
(3781, 76)
(7789, 58)
(4373, 262)
(64997, 31)
(1501, 133)
(5765, 222)
(8605, 123)
(39421, 22)
(57949, 23)
(8637, 9)
(7037, 104)
(55261, 147)
(39869, 162)
(3613, 205)
(7613, 63)
(55205, 72)
(4429, 237)
(26485, 154)
(1157, 15)
(6485, 143)
(7453, 110)
(36397, 119)
(45221, 94)
(49013, 69)
(4277, 219)
(6629, 169)
(6517, 183)
(7397, 10)
(44949, 30)
(5461, 63)
(5821, 42)
(6309, 12)
(6749, 85)
(7277, 9)
(5509, 53)
(62437, 69)
(6293, 56)
(8773, 69)
(4597, 179)
(5141, 138)
(4813, 206)
(5965, 186)
(52285, 21)
(1325, 188)
(1877, 33)
(4093, 57)
(55245, 192)
(36533, 80)
(853, 74)
(5773, 134)
(6141, 91)
(6173, 58)
(8573, 92)
(27397, 169)
(27797, 32)
(26349, 91)
(6277, 17)
(27869, 179)
(56141, 19)
(43333, 145)
(6117, 11)
(6805, 72)
(6717, 21)
(32285, 11)
(42013, 156)
(44613, 115)
(26133, 200)
(47805, 25)
(925, 56)
(2061, 80)
(1989, 121)
(5197, 93)
(5605, 99)
(2981, 37)
(4685, 116)
(5045, 32)
(6613, 69)
(5549, 25)
(5581, 138)
(5645, 37)
(5717, 47)
(5725, 22)
(5845, 37)
(5861, 8)
(5925, 34)
(6109, 54)
(6133, 15)
(6397, 8)
(6509, 123)
(6733, 13)
(6741, 36)
(6781, 52)
(6837, 52)
(7029, 101)
(7053, 17)
(7109, 30)
(7221, 32)
(7309, 25)
(7333, 77)
(7565, 19)
(7637, 68)
(7813, 16)
(7885, 28)
(7901, 13)
(7917, 23)
(8141, 16)
(8189, 30)
(285, 56)
(3021, 120)
(56165, 32)
(25893, 46)
(7773, 209)
(1349, 80)
(3349, 65)
(47725, 76)
(33725, 88)
(7085, 84)
(52005, 31)
(56389, 98)
(773, 18)
(789, 32)
(797, 81)
(821, 36)
(845, 46)
(6829, 61)
(7725, 130)
(27837, 342)
(50445, 88)
(51933, 27)
(6245, 96)
(6557, 28)
(8525, 40)
(60333, 40)
(5557, 44)
(58301, 94)
(1773, 64)
(4717, 70)
(7261, 139)
(7541, 57)
(7949, 39)
(8133, 38)
(8733, 30)
(8757, 20)
(32589, 93)
(33421, 69)
(33685, 35)
(48301, 34)
(60341, 11)
(3509, 255)
(1549, 96)
(1677, 107)
(8805, 49)
(37477, 103)
(48061, 123)
(6845, 18)
(5061, 72)
(6453, 51)
(1933, 114)
(3933, 69)
(4773, 113)
(8853, 10)
(2157, 78)
(2293, 55)
(1853, 92)
(52413, 15)
(8677, 27)
(32469, 108)
(2277, 6)
(2309, 29)
(2317, 44)
(2773, 54)
(26693, 43)
(31613, 17)
(1901, 51)
(3389, 91)
(27685, 88)
(37837, 7)
(6469, 56)
(1509, 98)
(32261, 58)
(2101, 93)
(3485, 9)
(5301, 45)
(5429, 37)
(26101, 90)
(4253, 31)
(7125, 41)
(5005, 82)
(4181, 149)
(7229, 45)
(4469, 45)
(2853, 86)
(2909, 15)
(64957, 75)
(6285, 68)
(53133, 22)
(8765, 111)
(7821, 13)
(4261, 31)
(3493, 14)
(3205, 87)
(37, 55)
(4141, 299)
(7021, 61)
(8885, 37)
(8893, 26)
(34645, 34)
(58309, 12)
(3413, 23)
(51037, 58)
(1165, 26)
(5933, 98)
(8725, 57)
(26629, 121)
(133, 16)
(629, 20)
(693, 19)
(749, 29)
(7093, 83)
(25773, 91)
(51277, 33)
(57845, 41)
(64285, 34)
(65133, 7)
(44301, 29)
(7357, 51)
(8397, 20)
(33821, 11)
(4013, 19)
(4653, 65)
(26509, 47)
(1181, 55)
(2637, 94)
(8701, 65)
(3437, 74)
(2933, 48)
(1685, 56)
(6205, 23)
(7181, 40)
(32349, 39)
(63853, 38)
(5653, 63)
(7141, 44)
(3805, 89)
(4309, 5)
(989, 45)
(1309, 17)
(3085, 20)
(6061, 14)
(4325, 85)
(5837, 9)
(3381, 5)
(4861, 27)
(7989, 19)
(8149, 22)
(7197, 27)
(6317, 10)
(6029, 29)
(3621, 37)
(5165, 140)
(4581, 65)
(5413, 30)
(7205, 97)
(3845, 76)
(3637, 63)
(60133, 8)
(27509, 26)
(31909, 30)
(3149, 34)
(4829, 44)
(4869, 26)
(5029, 69)
(5157, 34)
(6621, 6)
(6901, 11)
(7269, 16)
(7477, 4)
(8293, 21)
(8709, 44)
(8717, 9)
(26677, 5)
(27109, 12)
(31349, 9)
(36541, 6)
(49205, 43)
(59157, 4)
(60941, 16)
(4301, 45)
(50229, 26)
(26413, 33)
(8013, 37)
(6821, 34)
(4805, 59)
(6149, 13)
(7341, 22)
(8901, 11)
(26181, 54)
(26301, 21)
(40973, 54)
(47493, 15)
(8653, 11)
(32525, 35)
(60389, 7)
(2685, 38)
(3373, 22)
(4413, 29)
(5149, 11)
(5181, 50)
(5277, 31)
(5405, 11)
(5661, 18)
(6501, 2)
(6925, 31)
(7133, 33)
(7213, 25)
(8669, 27)
(8693, 12)
(8997, 18)
(30949, 29)
(30981, 11)
(42053, 30)
(4877, 62)
(44189, 46)
(6421, 21)
(8629, 30)
(2869, 31)
(45525, 41)
(5173, 33)
(6605, 21)
(8613, 16)
(53349, 32)
(5229, 10)
(4157, 35)
(5133, 14)
(5789, 27)
(5813, 31)
(60405, 3)
(4797, 34)
(61037, 3)
(8069, 12)
(7077, 17)
(25901, 41)
(4549, 31)
(8453, 17)
(4925, 66)
(6861, 16)
(31973, 32)
(6941, 1)
(6637, 23)
(5997, 16)
(32605, 9)
(7253, 28)
(3829, 22)
(8829, 18)
(2213, 12)
(2957, 12)
(25757, 43)
(25797, 7)
(46901, 4)
(61941, 4)
(63989, 5)
(7645, 13)
(8749, 26)
(8381, 23)
(5757, 2)
(4461, 22)
(4421, 17)
(1709, 13)
(26117, 33)
(59173, 8)
(26989, 6)
(63237, 8)
(8909, 2)
(60141, 14)
(4269, 10)
(52037, 22)
(54621, 14)
(4101, 18)
(2821, 10)
(3229, 14)
(3517, 12)
(4933, 32)
(5037, 33)
(32333, 8)
(62733, 35)
(109, 7)
(1109, 8)
(6677, 6)
(50253, 13)
(6701, 33)
(26189, 15)
(7189, 49)
(6445, 36)
(6853, 20)
(8269, 23)
(26901, 7)
(63781, 2)
(8597, 6)
(8421, 18)
(8685, 8)
(1557, 10)
(4997, 37)
(9013, 30)
(32109, 10)
(3589, 19)
(7413, 11)
(8821, 26)
(63189, 5)
(6085, 1)
(32677, 9)
(32781, 27)
(4365, 10)
(31045, 15)
(32381, 35)
(25941, 9)
(8621, 8)
(8925, 6)
(6589, 2)
(32141, 15)
(6381, 5)
(1781, 5)
(5253, 10)
(5533, 2)
(5565, 1)
(5805, 2)
(8741, 10)
(26277, 14)
(8837, 11)
(8037, 6)
(60309, 4)
(8237, 4)
(25885, 2)
(48909, 13)
(32013, 14)
(47117, 16)
(6069, 8)
(8845, 13)
(32389, 7)
(6933, 6)
(3541, 7)
(8877, 4)
(57509, 12)
(61253, 3)
(61269, 4)
(61357, 5)
(7837, 16)
(6917, 7)
(1765, 12)
(8541, 4)
(34189, 6)
(8461, 3)
(6661, 5)
(45981, 27)
(55901, 5)
(1141, 2)
(62237, 1)
(1789, 8)
(26861, 4)
(33629, 6)
(43853, 3)
(25789, 2)
(46581, 1)
(59709, 13)
(27573, 5)
(58029, 3)
(3277, 2)
(55517, 3)
(31109, 5)
(64229, 6)
(63181, 2)
(63645, 4)
(31053, 4)
(57357, 2)
(64197, 3)
(64701, 5)
(65037, 6)
(3237, 4)
(62277, 3)
(52101, 2)
(64501, 3)
(42213, 6)
(7765, 2)
(60189, 2)
(49037, 2)
(31309, 4)
(44653, 3)
(64245, 2)
(50949, 4)
(6693, 4)
(6165, 2)
(6189, 1)
(7245, 5)
(60421, 2)
(62925, 3)
(37957, 1)
(62245, 1)
(60237, 1)
(63069, 2)
(5261, 3)
(63141, 1)
(64325, 1)
(64365, 1)
(50477, 1)
(39429, 1)
(56253, 1)
