1288
5952
232
608
912
1104
1280
1264
1304
800
904
1248
1256
2936
4432
1136
1200
1208
1704
296
2360
720
1224
1272
3000
928
2208
3088
3152
3504
4920
5008
5304
1952
2920
6016
632
7256
4144
936
7096
38304
4928
37240
7088
8656
7153
593
969
1041
1225
457
1193
913
1617
5017
6273
1089
2329
4993
7361
1233
1273
953
1201
745
1209
905
945
1945
3097
3801
1217
1281
3089
6985
3265
1361
2905
665
1537
5385
6433
2937
26729
5825
858
58
306
778
1258
50
930
954
1234
2186
2762
3730
4226
290
2858
1066
3634
1242
1250
922
3362
48394
898
162
602
994
906
1178
2066
4914
2010
6650
7234
7706
1218
82
3090
5618
31658
5690
5498
7762
4298
26082
31410
2330
63082
4194
307
923
1219
1235
2571
899
1283
2203
3435
3467
1291
4011
26131
1131
1211
2931
1203
1259
1299
3811
955
2019
1147
947
1939
3307
3683
3819
6787
4235
2731
5291
6611
6643
7091
1251
1267
2859
3035
4427
5995
8491
53123
59315
6235
363
3083
5971
7099
2843
3091
5059
6331
5147
27611
7043
7587
44555
356
260
1148
1252
1276
28
1172
1244
1300
1196
2028
908
1212
1260
1284
2804
1204
1132
1228
916
2692
2324
2788
2940
3468
7116
7132
7700
8228
8620
48516
2132
1292
55820
5932
7156
3196
1236
8580
7396
668
7820
1900
556
213
541
1221
1197
3365
293
1253
3429
1213
1293
965
3949
4973
30749
1269
909
933
2973
3037
3629
4037
7013
8125
581
1949
2357
1189
3077
1237
2925
7925
27773
8477
60069
6669
3741
5333
7941
3469
3677
3789
110
326
926
1046
1206
1230
1198
942
1086
1254
3334
678
1214
1262
1358
4878
750
318
1222
246
1278
5782
910
950
1238
3022
2726
3030
3134
3462
6254
3470
6350
214
1950
1446
7766
8014
7478
5878
670
6918
7926
7566
25750
55814
3038
26150
26614
8582
47
111
527
903
919
1199
1207
1247
599
951
2959
1175
1223
3983
911
1719
3095
7215
2351
2935
6783
7327
8199
1303
3359
6791
1927
4783
6023
58559
1111
6935
7135
27727
27815
6375
7767
